Feature	Gain	Cover	Frequency
Master_cuenta_estado	0.0583721134271952	NA	0.0011969111969112
mcaja_ahorro_Paquete	0.0336958166029167	NA	0.00525096525096525
tmovimientos_ultimos90dias	0.0327360328799425	NA	0.00675675675675676
mcuenta_corriente_Paquete__max	0.0313968227563219	NA	0.00378378378378378
mdescubierto_preacordado	0.028312361975545	NA	0.00173745173745174
mcaja_ahorro_Paquete__min	0.0242170587116612	NA	0.0066023166023166
ttarjeta_visa	0.0221990321634149	NA	0.000501930501930502
mtarjeta_visa_consumo	0.0216775172731136	NA	0.00401544401544402
mpasivos_margen	0.020272635945726	NA	0.00455598455598456
mcuentas_saldo	0.0194004290555802	NA	0.00606177606177606
mtarjeta_visa_consumo__min	0.0162413411996869	NA	0.0033976833976834
ctarjeta_visa_transacciones	0.014356697077378	NA	0.00420849420849421
mcuenta_corriente_Paquete__min	0.0133761438477089	NA	0.0049034749034749
Visa_mconsumototal	0.0126573627996063	NA	0.00374517374517375
mcaja_ahorro_Paquete__max	0.0114250742580904	NA	0.00548262548262548
Visa_Finiciomora	0.0107592773652649	NA	0.00351351351351351
ttarjeta_master__tend	0.010587435379174	NA	0.000617760617760618
mcuentas_saldo__max	0.0101789040012883	NA	0.00432432432432432
tmovimientos_ultimos90dias__min	0.00954875229116608	NA	0.00366795366795367
Visa_mfinanciacion_limite	0.00920621770469999	NA	0.00393822393822394
ctarjeta_debito_transacciones	0.00910177528864155	NA	0.00227799227799228
Visa_msaldototal	0.00904445032198941	NA	0.00343629343629344
mdescubierto_preacordado__min	0.00900997242954875	NA	0.0016988416988417
tplan_sueldo	0.00882857006646055	NA	0.00254826254826255
Visa_mpagominimo__tend	0.0085722941479811	NA	0.00409266409266409
mcuenta_corriente_Paquete	0.00833121491111178	NA	0.00644787644787645
mplan_sueldo	0.00797661127944791	NA	0.00343629343629344
mprestamos_personales__max	0.00746432604233937	NA	0.00571428571428571
ttarjeta_visa__tend	0.00739546536200982	NA	0.0016988416988417
tmovimientos_ultimos90dias__tend	0.00738827305185479	NA	0.00563706563706564
ctarjeta_visa_transacciones__min	0.00729453334008301	NA	0.00316602316602317
mplan_sueldo__min	0.00674123852497491	NA	0.0028957528957529
Visa_Finiciomora__max	0.00658019410746682	NA	0.00173745173745174
Visa_mpagospesos	0.00655973635928269	NA	0.00467181467181467
tmovimientos_ultimos90dias__max	0.00634873643369032	NA	0.0032046332046332
mprestamos_personales	0.0063135370274388	NA	0.0050965250965251
Visa_cuenta_estado	0.0057725719789103	NA	0.00154440154440154
Visa_tconsumos	0.00571235381284834	NA	0.00351351351351351
Visa_msaldopesos	0.00566826449871618	NA	0.00432432432432432
mrentabilidad	0.00527764753660252	NA	0.00501930501930502
mdescubierto_preacordado__tend	0.00519589477825387	NA	0.00262548262548263
marketing_coss_selling__tend	0.00498079958965373	NA	0.00482625482625483
Visa_mconsumospesos	0.00486549273783407	NA	0.00324324324324324
ttarjeta_visa_debitos_automaticos__tend	0.00481875028070891	NA	0.00366795366795367
Visa_marca_atraso__tend	0.00481124293397512	NA	0.00247104247104247
Visa_Finiciomora__min	0.00478242899571959	NA	0.000772200772200772
mpasivos_margen__max	0.00477705038911901	NA	0.00235521235521236
Visa_marca_atraso	0.004382597249211	NA	0.00177606177606178
Visa_cuenta_estado__max	0.00427970273992487	NA	0.00108108108108108
mcajeros_propio	0.004227541869875	NA	0.000772200772200772
ctarjeta_visa_transacciones__tend	0.00411082602970548	NA	0.00575289575289575
Visa_msaldodolares	0.0040795574977323	NA	0.00115830115830116
mcuentas_saldo__tend	0.00403940531644611	NA	0.00474903474903475
Master_cuenta_estado__max	0.0038309078419811	NA	0.000965250965250965
mcuentas_saldo__min	0.00381507048524573	NA	0.00486486486486486
mtarjeta_visa_consumo__tend	0.00371571520970841	NA	0.0033976833976834
mactivos_margen__max	0.00368777942781214	NA	0.00586872586872587
ttarjeta_master	0.00365508989241478	NA	0.000579150579150579
mpasivos_margen__tend	0.00351403262213372	NA	0.00370656370656371
Visa_mpagominimo	0.00350780018230604	NA	0.00482625482625483
Master_fechaalta	0.00347223290753641	NA	0.00413127413127413
mplan_sueldo__max	0.00326794105113256	NA	0.00467181467181467
Master_Finiciomora__max	0.00326633426224296	NA	0.00150579150579151
Visa_Finiciomora__tend	0.00318240439305714	NA	0.000810810810810811
cextraccion_autoservicio	0.00307922249951559	NA	0.00138996138996139
Master_marca_atraso__tend	0.00306469058186778	NA	0.00239382239382239
ttarjeta_visa__min	0.00298609091923439	NA	0.000231660231660232
mcuenta_corriente_Paquete__tend	0.00290593804517682	NA	0.00463320463320463
mplan_sueldo__tend	0.00289508652705332	NA	0.00552123552123552
mpasivos_margen__min	0.00287121991131333	NA	0.00301158301158301
mrentabilidad_annual__tend	0.0028649025305726	NA	0.00517374517374517
ccomisiones_mantenimiento__tend	0.00280092469483991	NA	0.00467181467181467
tplan_sueldo__min	0.00275162628362872	NA	0.00146718146718147
tcaja_ahorro__tend	0.00271844238053563	NA	0.00393822393822394
cprestamos_personales	0.00264267651593997	NA	0.00355212355212355
mcomisiones_mantenimiento	0.00258106238049508	NA	0.00409266409266409
Master_Finiciomora	0.00256365864962787	NA	0.00239382239382239
tcaja_ahorro__max	0.00256269700764447	NA	0.00142857142857143
mttarjeta_visa_debitos_automaticos__tend	0.00256013047772541	NA	0.00386100386100386
mcaja_ahorro_Paquete__tend	0.00252727392293694	NA	0.00343629343629344
Visa_fechaalta__min	0.00251151604680093	NA	0.00332046332046332
Visa_msaldototal__min	0.00248283222026911	NA	0.00308880308880309
marketing_coss_selling__min	0.00246211044856367	NA	0.00393822393822394
mprestamos_personales__tend	0.00245995903728505	NA	0.00498069498069498
marketing_coss_selling	0.00243376419679013	NA	0.00247104247104247
mrentabilidad__max	0.00239752803015457	NA	0.00575289575289575
Visa_mfinanciacion_limite__max	0.00239384408938138	NA	0.00316602316602317
mactivos_margen__min	0.00238807283331515	NA	0.0038996138996139
tpaquete7__tend	0.00235137738731085	NA	0.00231660231660232
ccomisiones_otras	0.0023436625193126	NA	0.00181467181467181
Visa_marca_atraso__max	0.00229593197924595	NA	0.00108108108108108
Visa_fechaalta__max	0.00224463377181782	NA	0.00501930501930502
mrentabilidad_annual	0.002202222047252	NA	0.00366795366795367
mcomisiones_otras__max	0.00219578370605139	NA	0.00405405405405405
mrentabilidad__min	0.0021871199933504	NA	0.00467181467181467
Master_Fvencimiento	0.00218667822513294	NA	0.00505791505791506
mautoservicio	0.00216532673836091	NA	0.00204633204633205
Visa_msaldopesos__min	0.00216263867806258	NA	0.00386100386100386
mactivos_margen	0.00216012416532282	NA	0.00393822393822394
tplan_sueldo__tend	0.00215054849220281	NA	0.00266409266409266
Visa_mpagominimo__max	0.00212405694058195	NA	0.00424710424710425
thomebanking__tend	0.00211902337317048	NA	0.00216216216216216
mcomisiones_mantenimiento__tend	0.0020996078906174	NA	0.00455598455598456
mttarjeta_visa_debitos_automaticos__max	0.00208101309701766	NA	0.00424710424710425
Visa_mpagospesos__max	0.00206432708951599	NA	0.00393822393822394
Master_mpagominimo	0.00203257007977821	NA	0.00378378378378378
mcuenta_debitos_automaticos	0.00202970998658639	NA	0.0028957528957529
Visa_cuenta_estado__tend	0.0020100352606363	NA	0.00181467181467181
ttarjeta_visa_debitos_automaticos__max	0.00199087459394481	NA	0.00305019305019305
tcaja_ahorro	0.00196848958519629	NA	0.00266409266409266
cliente_antiguedad	0.00196262639352261	NA	0.00428571428571429
ccomisiones_otras__tend	0.00194359840067029	NA	0.00277992277992278
mpagomiscuentas	0.00192247611960941	NA	0.00239382239382239
cprestamos_personales__max	0.00191883473732535	NA	0.00277992277992278
Visa_fechaalta	0.00189456581306367	NA	0.00498069498069498
mrentabilidad_annual__min	0.00186781992471697	NA	0.00478764478764479
Master_fechaalta__min	0.00186255862063835	NA	0.00528957528957529
mcomisiones__max	0.00183685346652227	NA	0.00478764478764479
Visa_Fvencimiento	0.00182342621907305	NA	0.00517374517374517
Visa_msaldopesos__tend	0.00177956484426643	NA	0.00416988416988417
mrentabilidad_annual__max	0.00177537484786516	NA	0.00432432432432432
Visa_mpagospesos__tend	0.00177351450078803	NA	0.00355212355212355
Visa_mlimitecompra	0.0017253374767993	NA	0.00393822393822394
ttarjeta_visa__max	0.00168882304599393	NA	0.000154440154440154
cliente_edad__max	0.00167564938194991	NA	0.00567567567567568
mcomisiones_otras	0.00166101961836016	NA	0.00308880308880309
Master_cuenta_estado__tend	0.00164399998335359	NA	0.0011969111969112
Visa_msaldototal__max	0.0016277801786178	NA	0.00343629343629344
Visa_tconsumos__max	0.00160263810622646	NA	0.00482625482625483
Master_msaldototal	0.00158827131068382	NA	0.00347490347490347
mcomisiones__tend	0.00157502035722687	NA	0.00281853281853282
cliente_antiguedad__max	0.00155248161375674	NA	0.00370656370656371
mcheques_emitidos_rechazados__max	0.00152767163150932	NA	0.00243243243243243
mcomisiones	0.00150646649939263	NA	0.00208494208494208
cliente_edad__min	0.00147720553205481	NA	0.00451737451737452
Visa_mpagado__tend	0.00147380771625822	NA	0.0027027027027027
Visa_mconsumospesos__min	0.00146899093645933	NA	0.00370656370656371
chomebanking_transacciones__tend	0.00146037507131024	NA	0.00312741312741313
Visa_Fvencimiento__max	0.00145205518964264	NA	0.00413127413127413
Master_Fvencimiento__min	0.00145079809191484	NA	0.00332046332046332
Visa_mpagado__max	0.00140261525869154	NA	0.00200772200772201
cliente_edad	0.0013996409017072	NA	0.00517374517374517
chomebanking_transacciones__max	0.00139163749494267	NA	0.00413127413127413
chomebanking_transacciones	0.00133165050386278	NA	0.00332046332046332
Visa_Fvencimiento__min	0.00132030244519727	NA	0.00420849420849421
ctarjeta_visa_transacciones__max	0.00131861148201183	NA	0.00386100386100386
mautoservicio__max	0.00131728309484297	NA	0.00247104247104247
tpagomiscuentas	0.00131475885404244	NA	0.00189189189189189
ccallcenter_transacciones__tend	0.00130814147195735	NA	0.00335907335907336
Master_Fvencimiento__max	0.00127559655119598	NA	0.00328185328185328
mactivos_margen__tend	0.00126252823649751	NA	0.00347490347490347
cprestamos_personales__tend	0.00119885490048332	NA	0.00200772200772201
Master_fultimo_cierre	0.00119690614781429	NA	0.00235521235521236
Master_marca_atraso	0.00117239351836794	NA	0.00131274131274131
marketing_coss_selling__max	0.00116837815663614	NA	0.00316602316602317
mttarjeta_visa_debitos_automaticos__min	0.00116820494745289	NA	0.00277992277992278
tcallcenter__tend	0.00116773052876954	NA	0.00281853281853282
Master_fechaalta__max	0.00116507666409263	NA	0.00305019305019305
mautoservicio__min	0.00115972947183351	NA	0.00223938223938224
Visa_mpagominimo__min	0.00115235844816524	NA	0.00277992277992278
Visa_tconsumos__tend	0.00113085526104995	NA	0.00324324324324324
ccallcenter_transacciones	0.00112847409844146	NA	0.00277992277992278
mrentabilidad__tend	0.00112411759938212	NA	0.00247104247104247
mcomisiones_mantenimiento__max	0.00112215397814457	NA	0.00266409266409266
foto_mes	0.00111105090870171	NA	0.00262548262548263
mcomisiones_otras__min	0.00109715325217896	NA	0.00305019305019305
ctarjeta_debito_transacciones__tend	0.00109404454827756	NA	0.0027027027027027
Master_mlimitecompra__max	0.00109307602416228	NA	0.0032046332046332
mcomisiones__min	0.00108554564635812	NA	0.00258687258687259
tcuenta_debitos_automaticos	0.00107196233865945	NA	0.000926640926640927
mprestamos_personales__min	0.00106251892764281	NA	0.00173745173745174
Master_mfinanciacion_limite	0.00104100061267548	NA	0.00239382239382239
cextraccion_autoservicio__max	0.00103045558463254	NA	0.00285714285714286
Visa_Fvencimiento__tend	0.00102935562738755	NA	0.0022007722007722
mtarjeta_master_consumo	0.00102919189638085	NA	0.00196911196911197
Master_mpagospesos__min	0.00101689205033955	NA	0.00247104247104247
Visa_msaldototal__tend	0.00101541835711198	NA	0.00297297297297297
Master_mfinanciacion_limite__min	0.00101177260987819	NA	0.00343629343629344
Master_mfinanciacion_limite__max	0.00100996983153617	NA	0.00366795366795367
ccallcenter_transacciones__max	0.000995913753931383	NA	0.00301158301158301
ctarjeta_master_transacciones	0.000984487647030267	NA	0.00200772200772201
mcuenta_debitos_automaticos__tend	0.000983627849594543	NA	0.00266409266409266
Master_msaldopesos	0.000979612117621474	NA	0.00212355212355212
mcaja_ahorro_dolares__tend	0.000973786472997789	NA	0.00297297297297297
mcaja_ahorro_dolares__min	0.000962690954184363	NA	0.00247104247104247
tcuenta_debitos_automaticos__tend	0.000949184575515169	NA	0.00243243243243243
cliente_antiguedad__min	0.000944841775153633	NA	0.00262548262548263
mtransferencias_emitidas__tend	0.000933255699263941	NA	0.00293436293436293
tplan_sueldo__max	0.00093286930125912	NA	0.00173745173745174
mcomisiones_mantenimiento__min	0.000912485486703565	NA	0.0027027027027027
Visa_mpagospesos__min	0.000905480760263207	NA	0.00258687258687259
Visa_mconsumospesos__tend	0.000899329215975515	NA	0.00258687258687259
mpagomiscuentas__tend	0.000887440913625809	NA	0.00193050193050193
tcaja_seguridad	0.000877082889749583	NA	0.00173745173745174
Master_mpagospesos	0.000874810645933453	NA	0.00200772200772201
mextraccion_autoservicio	0.000874697814504689	NA	0.00158301158301158
tpagomiscuentas__tend	0.000870885666629765	NA	0.00243243243243243
Visa_mpagado	0.000870112532703321	NA	0.00166023166023166
mcajeros_ajenos__max	0.000869460635255639	NA	0.00212355212355212
Master_mconsumospesos__max	0.00086794758320299	NA	0.00200772200772201
Visa_mconsumototal__min	0.000865418441462584	NA	0.00262548262548263
Visa_fultimo_cierre	0.000864912797799561	NA	0.00200772200772201
Visa_mconsumosdolares__max	0.000864048082917844	NA	0.00231660231660232
Visa_mconsumospesos__max	0.000861415444643006	NA	0.00262548262548263
Master_msaldopesos__tend	0.000861240176322225	NA	0.00301158301158301
tpagomiscuentas__max	0.000857357462753416	NA	0.00266409266409266
Visa_fultimo_cierre__tend	0.000856440025973102	NA	0.00266409266409266
Master_mpagominimo__tend	0.000842296469640485	NA	0.00239382239382239
Master_mpagospesos__tend	0.000836402902134915	NA	0.00243243243243243
mcaja_ahorro_dolares__max	0.000832878336359511	NA	0.00243243243243243
mautoservicio__tend	0.000831212453753407	NA	0.00135135135135135
ctransferencias_emitidas__max	0.000828101435786746	NA	0.00200772200772201
Master_mpagominimo__max	0.00082603436615759	NA	0.00204633204633205
ccomisiones_mantenimiento	0.000825424380021873	NA	0.00181467181467181
ccajeros_ajenos_transacciones__max	0.000818792412493938	NA	0.00173745173745174
Master_mconsumospesos	0.000807946655462182	NA	0.00177606177606178
ctransferencias_emitidas__tend	0.000802095553598853	NA	0.00204633204633205
mcajeros_propio__tend	0.000800885597328139	NA	0.00274131274131274
Visa_mpagosdolares__tend	0.000800316720123922	NA	0.00193050193050193
mcomisiones_otras__tend	0.000799630471622269	NA	0.00212355212355212
mtarjeta_master_consumo__tend	0.000797562475358302	NA	0.00243243243243243
mcaja_ahorro_dolares	0.000797177490918609	NA	0.0027027027027027
Master_mlimitecompra__min	0.000783057505773039	NA	0.00235521235521236
mtransferencias_emitidas__max	0.000779146650658054	NA	0.00223938223938224
Visa_mconsumototal__tend	0.000776798819851088	NA	0.0022007722007722
mpagomiscuentas__max	0.000773391674891456	NA	0.0022007722007722
Master_mlimitecompra	0.000768551865856211	NA	0.00196911196911197
Visa_fechaalta__tend	0.000768423545045696	NA	0.00227799227799228
Visa_fultimo_cierre__max	0.000763422596921906	NA	0.00166023166023166
Master_fechaalta__tend	0.000752034361461739	NA	0.00223938223938224
mcajeros_propio__max	0.000751330781542039	NA	0.00247104247104247
Master_mconsumototal	0.000740694235817255	NA	0.00131274131274131
mextraccion_autoservicio__max	0.000736158856120279	NA	0.00166023166023166
ctarjeta_visa_descuentos__tend	0.000734531587042428	NA	0.00243243243243243
Master_tconsumos__tend	0.000727355876075966	NA	0.00193050193050193
ccheques_emitidos_rechazados__max	0.000715965567264676	NA	0.00185328185328185
Visa_mfinanciacion_limite__min	0.00071505823130816	NA	0.00243243243243243
Visa_mlimitecompra__min	0.000714737458855325	NA	0.0022007722007722
Visa_msaldopesos__max	0.000714291819037499	NA	0.00193050193050193
mplazo_fijo_dolares__tend	0.000701801244408615	NA	0.00243243243243243
Master_fultimo_cierre__tend	0.000689927722824083	NA	0.00189189189189189
mextraccion_autoservicio__min	0.000685920379853403	NA	0.00150579150579151
Master_tconsumos__max	0.000683321130692984	NA	0.00223938223938224
mcajeros_ajenos__tend	0.000670430665687881	NA	0.00223938223938224
thomebanking	0.000668467371363056	NA	0.000347490347490347
ccomisiones_otras__max	0.000662214590502825	NA	0.00200772200772201
Master_mconsumototal__max	0.000662017341083826	NA	0.00216216216216216
mtitulos__tend	0.000661064627990239	NA	0.00200772200772201
Master_mpagospesos__max	0.000658676657068871	NA	0.00150579150579151
Master_Finiciomora__tend	0.000658413203466945	NA	0.000733590733590734
Master_mconsumototal__tend	0.00065770098259739	NA	0.00135135135135135
Master_msaldototal__max	0.00064928865707164	NA	0.00193050193050193
ctarjeta_debito_transacciones__min	0.000646589703656119	NA	0.00138996138996139
ctarjeta_debito_transacciones__max	0.000639757643760572	NA	0.00204633204633205
Master_Fvencimiento__tend	0.000635078613659669	NA	0.00196911196911197
Visa_mlimitecompra__max	0.000627107664789709	NA	0.00239382239382239
Visa_mconsumototal__max	0.000626022363138539	NA	0.00239382239382239
marketing_activo_ultimos90dias	0.000618059917208994	NA	0.000154440154440154
mttarjeta_visa_debitos_automaticos	0.000616881781513516	NA	0.00204633204633205
mcajeros_ajenos	0.000613554462406091	NA	0.00131274131274131
Master_msaldototal__min	0.000610846191290106	NA	0.00196911196911197
ccajeros_propio_transacciones__tend	0.000608650855412308	NA	0.00150579150579151
mttarjeta_master_debitos_automaticos__max	0.00060616817379335	NA	0.00158301158301158
mtarjeta_visa_descuentos__tend	0.000605169104887775	NA	0.0016988416988417
tfondos_comunes_inversion	0.000601096122839266	NA	0.00127413127413127
mcuenta_debitos_automaticos__min	0.000599209632831069	NA	0.00166023166023166
ccheques_emitidos_rechazados__tend	0.000597202140639205	NA	0.0011969111969112
Visa_mconsumosdolares	0.000596790532298672	NA	0.00127413127413127
Master_fultimo_cierre__min	0.000596151429380636	NA	0.00154440154440154
Master_mconsumosdolares__max	0.000594067015036843	NA	0.00173745173745174
Visa_mpagosdolares__max	0.000593018966764412	NA	0.00185328185328185
mcuenta_debitos_automaticos__max	0.000588482460754514	NA	0.00162162162162162
mtarjeta_master_consumo__min	0.000588394235583598	NA	0.00166023166023166
Master_mfinanciacion_limite__tend	0.000587069592551233	NA	0.00189189189189189
mcheques_emitidos_rechazados__tend	0.000581737395636752	NA	0.00127413127413127
Visa_tconsumos__min	0.000570762209592433	NA	0.00239382239382239
Visa_mfinanciacion_limite__tend	0.000570546447192839	NA	0.00177606177606178
ttarjeta_visa_debitos_automaticos__min	0.00057054064070929	NA	0.00162162162162162
ttarjeta_master_debitos_automaticos__tend	0.000567880945706665	NA	0.0016988416988417
Visa_mconsumosdolares__tend	0.00056007144862438	NA	0.00185328185328185
Visa_msaldodolares__max	0.00055296027747451	NA	0.00196911196911197
mpagodeservicios__tend	0.000551095572325192	NA	0.00204633204633205
mttarjeta_master_debitos_automaticos__tend	0.000548310767867926	NA	0.00181467181467181
tcaja_seguridad__min	0.00054425514314289	NA	0.00111969111969112
ccajeros_propio_transacciones__max	0.000540937490656807	NA	0.00208494208494208
tcaja_seguridad__tend	0.000537101314696474	NA	0.00189189189189189
tcajas__tend	0.000529128197565246	NA	0.00193050193050193
chomebanking_transacciones__min	0.000526989812818851	NA	0.00142857142857143
Master_msaldototal__tend	0.000521743105187152	NA	0.00166023166023166
tcajas_consultas__max	0.000521734887894183	NA	0.00154440154440154
cextraccion_autoservicio__tend	0.000521113449725964	NA	0.00154440154440154
Visa_mconsumosdolares__min	0.000519097798471028	NA	0.00138996138996139
mplazo_fijo_dolares	0.000516626176864401	NA	0.00135135135135135
Master_mconsumospesos__min	0.000515590197769675	NA	0.00154440154440154
mextraccion_autoservicio__tend	0.000511781020765736	NA	0.00154440154440154
mcheques_emitidos_rechazados	0.000499394925243478	NA	0.00131274131274131
mcambio_monedas_compra__tend	0.000495566582809	NA	0.00150579150579151
mcambio_monedas_venta__max	0.000492015584099307	NA	0.00158301158301158
ctarjeta_master_transacciones__tend	0.000489881924915349	NA	0.00138996138996139
tpagodeservicios__max	0.000487351385198921	NA	0.00154440154440154
mtarjeta_visa_consumo__max	0.000484711561721644	NA	0.00158301158301158
Visa_mpagado__min	0.000481607890350522	NA	0.00142857142857143
Master_msaldopesos__min	0.000479955823819022	NA	0.00158301158301158
Master_tconsumos	0.000479412877258922	NA	0.00123552123552124
Master_mpagado__max	0.000474109244171994	NA	0.00108108108108108
ccheques_depositados__max	0.000473947008343979	NA	0.00138996138996139
ccajeros_propio_transacciones	0.00047001521935191	NA	0.00146718146718147
mtarjeta_visa_descuentos__max	0.000466078164909976	NA	0.00146718146718147
ttarjeta_visa_debitos_automaticos	0.00046523492814855	NA	0.00154440154440154
Master_fultimo_cierre__max	0.00046409242777429	NA	0.00177606177606178
tcallcenter	0.000458393141797004	NA	0.00123552123552124
cextraccion_autoservicio__min	0.000447670978867068	NA	0.001003861003861
tplazo_fijo	0.000445521281473121	NA	0.00108108108108108
mcaja_ahorro_Nopaquete__max	0.000445517966037039	NA	0.00138996138996139
ctarjeta_master_transacciones__max	0.000443902947474879	NA	0.00177606177606178
marketing_activo_ultimos90dias__tend	0.000437920566080383	NA	0.000424710424710425
Master_mlimitecompra__tend	0.00043521637976872	NA	0.00146718146718147
Master_mconsumospesos__tend	0.000432624769270329	NA	0.00142857142857143
tpagomiscuentas__min	0.000431479696693549	NA	0.00150579150579151
mcajeros_propio__min	0.000431172571127666	NA	0.00127413127413127
Master_mconsumototal__min	0.000429995035154272	NA	0.00123552123552124
Master_msaldopesos__max	0.000429064757535497	NA	0.0011969111969112
ccambio_monedas_compra__tend	0.000428326112443212	NA	0.00135135135135135
mcaja_ahorro_Nopaquete__tend	0.00042766951098274	NA	0.00135135135135135
mcheques_depositados__max	0.000427667495403012	NA	0.00104247104247104
ttitulos__tend	0.000422497465999581	NA	0.0016988416988417
tplazo_fijo__tend	0.000422023926725226	NA	0.00131274131274131
tpaquete7	0.000416661961953991	NA	0.00104247104247104
tcajas_consultas__tend	0.000416552744676094	NA	0.00146718146718147
ttarjeta_debito__max	0.000411183423680755	NA	0.000772200772200772
ccomisiones_otras__min	0.000405861014890942	NA	0.00166023166023166
ccajeros_propios_descuentos__tend	0.000402926956663083	NA	0.00115830115830116
mpagodeservicios__max	0.000402552224353219	NA	0.00154440154440154
tcuenta_debitos_automaticos__max	0.000398808446859227	NA	0.00123552123552124
cprestamos_personales__min	0.000395789973621404	NA	0.000926640926640927
Visa_msaldodolares__min	0.000394064251314222	NA	0.00162162162162162
tcajas_depositos__max	0.000391380690307041	NA	0.00127413127413127
mfondos_comunes_inversion_pesos	0.000390687365268189	NA	0.00138996138996139
Visa_mlimitecompra__tend	0.00038705161386098	NA	0.00146718146718147
Master_msaldodolares__max	0.000383753675175171	NA	0.000965250965250965
ccajeros_ajenos_transacciones__tend	0.000382955635817592	NA	0.00135135135135135
Visa_mpagosdolares	0.000382944211753781	NA	0.00104247104247104
Master_mpagominimo__min	0.000376475133879314	NA	0.00154440154440154
mcambio_monedas_venta__tend	0.000374160278158447	NA	0.000888030888030888
mprestamos_prendarios	0.000368243201363752	NA	0.00142857142857143
mtitulos	0.000368241968448854	NA	0.00115830115830116
tcajas_extracciones__max	0.000366121825707709	NA	0.00135135135135135
tcajas_depositos__tend	0.000362373816229892	NA	0.00127413127413127
tcajas_extracciones__tend	0.000359693518847941	NA	0.00111969111969112
Master_mpagado__tend	0.000358269754776446	NA	0.00131274131274131
mcajeros_ajenos__min	0.00034003920843716	NA	0.000888030888030888
mplazo_fijo_dolares__max	0.000339768987329139	NA	0.00127413127413127
tfondos_comunes_inversion__tend	0.000338252099897866	NA	0.001003861003861
ttarjeta_master_debitos_automaticos__max	0.000334709593812268	NA	0.00127413127413127
tcambio_monedas__tend	0.000327984796366553	NA	0.00108108108108108
ctarjeta_master_transacciones__min	0.000327486542856865	NA	0.001003861003861
tcajas_otras__max	0.000317974705292656	NA	0.00104247104247104
mcheques_depositados	0.000317613562556853	NA	0.00115830115830116
internet	0.000312161786652399	NA	0.000540540540540541
ccheques_emitidos_rechazados	0.000311854101712706	NA	0.000579150579150579
mtransferencias_emitidas	0.000310552492043226	NA	0.00123552123552124
cprestamos_prendarios__tend	0.000310406895293542	NA	0.000501930501930502
internet__tend	0.000307446523112954	NA	0.00127413127413127
Visa_madelantopesos__tend	0.000307244519933577	NA	0.00111969111969112
mcaja_ahorro_Nopaquete__min	0.000306037072591952	NA	0.000965250965250965
ctarjeta_master_descuentos__tend	0.000305843227787893	NA	0.00123552123552124
mpagomiscuentas__min	0.000302641209560164	NA	0.000965250965250965
ccajeros_ajenos_transacciones	0.000296000434187237	NA	0.000772200772200772
Visa_tadelantosefectivo__tend	0.000293217549482546	NA	0.000810810810810811
Master_msaldodolares	0.000292675253538378	NA	0.000656370656370656
mcambio_monedas_venta	0.000290572875042228	NA	0.000965250965250965
tcuenta_debitos_automaticos__min	0.000281744075540805	NA	0.000810810810810811
ttarjeta_debito__tend	0.000280351327830068	NA	0.00115830115830116
tpagodeservicios__tend	0.000278964701136023	NA	0.00111969111969112
tseguro_vivienda__tend	0.000278442028667014	NA	0.0011969111969112
Master_mpagosdolares	0.000269393033040798	NA	0.000386100386100386
mprestamos_prendarios__min	0.000262961477227901	NA	0.00115830115830116
mcheques_emitidos__max	0.000262317891524831	NA	0.000810810810810811
mcaja_ahorro_Nopaquete	0.000261566403530821	NA	0.000810810810810811
Visa_msaldodolares__tend	0.00025945381508713	NA	0.001003861003861
tcaja_seguridad__max	0.00025573015487616	NA	0.000656370656370656
Master_mpagosdolares__max	0.00025544227910539	NA	0.000810810810810811
Master_tconsumos__min	0.000252080360893806	NA	0.000810810810810811
mfondos_comunes_inversion_pesos__tend	0.000251757836959041	NA	0.000888030888030888
Master_Finiciomora__min	0.000249744012380547	NA	0.000849420849420849
Master_msaldodolares__tend	0.000246903569944821	NA	0.00108108108108108
tcajas_extracciones	0.000243889708331407	NA	0.000231660231660232
ccambio_monedas_venta__tend	0.000242930913193894	NA	0.000733590733590734
ttarjeta_debito	0.00023997267626235	NA	0.00108108108108108
mcheques_emitidos__tend	0.000237440070989354	NA	0.000926640926640927
cprestamos_hipotecarios	0.000235418524759766	NA	0.001003861003861
ccajeros_propio_transacciones__min	0.000233095263301145	NA	0.000733590733590734
tcambio_monedas__max	0.000231776283240852	NA	0.000733590733590734
mfondos_comunes_inversion_dolares__tend	0.000230969439706307	NA	0.000772200772200772
ccambio_monedas_venta__max	0.000230248030892671	NA	0.00104247104247104
mprestamos_prendarios__max	0.000227716067524047	NA	0.000849420849420849
mplazo_fijo_pesos__tend	0.000227025870852003	NA	0.000849420849420849
Visa_madelantopesos	0.000226778932991068	NA	0.00027027027027027
Master_mpagado	0.000221424662360739	NA	0.000849420849420849
ccheques_depositados__tend	0.000218859918769844	NA	0.000926640926640927
Visa_madelantopesos__max	0.000215650424877946	NA	0.000733590733590734
mcajeros_propios_descuentos__max	0.000213245877234672	NA	0.000810810810810811
Visa_mpagosdolares__min	0.000212831428008789	NA	0.000694980694980695
mcajeros_propios_descuentos__tend	0.000211610098568111	NA	0.000849420849420849
ctransferencias_emitidas	0.000211282154667931	NA	0.000656370656370656
mtarjeta_master_consumo__max	0.000210107354124169	NA	0.000772200772200772
ccheques_emitidos	0.000208852688755434	NA	0.000926640926640927
ttarjeta_debito__min	0.000206824603354307	NA	0.000926640926640927
mplazo_fijo_pesos__max	0.000202807356716171	NA	0.000733590733590734
mcheques_emitidos	0.000202786752044329	NA	0.000772200772200772
ccomisiones_mantenimiento__min	0.000202332727579893	NA	0.000733590733590734
ctarjeta_visa_descuentos__max	0.000201926133429513	NA	0.000849420849420849
mfondos_comunes_inversion_dolares__max	0.000201075009726617	NA	0.000694980694980695
ccajeros_ajenos_transacciones__min	0.00020096780963321	NA	0.000656370656370656
tpaquete7__max	0.000198833112627433	NA	0.000579150579150579
tcajas_otras__tend	0.00019786896905099	NA	0.000656370656370656
tcuentas__max	0.000196104432620439	NA	0.000540540540540541
tseguro_vida_mercado_abierto	0.000196067048109807	NA	0.000656370656370656
ttitulos	0.000194843212032556	NA	0.000501930501930502
mtransferencias_emitidas__min	0.000192806577382198	NA	0.000501930501930502
Visa_tadelantosefectivo	0.000191606703595158	NA	0.000347490347490347
Visa_madelantodolares	0.000191234091862237	NA	0.000347490347490347
ccheques_emitidos__tend	0.000190415734855772	NA	0.000772200772200772
ccajeros_propios_descuentos__max	0.000188847730745334	NA	0.000733590733590734
mplazo_fijo_dolares__min	0.000186572898220571	NA	0.000810810810810811
internet__min	0.000181397108183904	NA	0.000154440154440154
Visa_madelantodolares__max	0.00018115960494173	NA	0.000501930501930502
mdescubierto_preacordado__max	0.000180165522945372	NA	0.000347490347490347
mpagodeservicios	0.0001755216529272	NA	0.000656370656370656
mcheques_depositados__tend	0.000175451270405313	NA	0.000656370656370656
mprestamos_prendarios__tend	0.000174163710188526	NA	0.000849420849420849
Master_mpagosdolares__tend	0.000173913343182734	NA	0.000424710424710425
Master_mpagado__min	0.000172048071323557	NA	0.000579150579150579
cprestamos_hipotecarios__min	0.000171195629653435	NA	0.000656370656370656
mfondos_comunes_inversion_pesos__max	0.000170593445406858	NA	0.000772200772200772
cliente_edad__tend	0.000168258835537441	NA	0.000501930501930502
mtitulos__max	0.000167524897667468	NA	0.000733590733590734
Visa_tadelantosefectivo__max	0.000166315250886363	NA	0.000617760617760618
mtarjeta_visa_descuentos	0.000165485571603779	NA	0.000772200772200772
Visa_fultimo_cierre__min	0.000158599231586771	NA	0.000617760617760618
mcambio_monedas_compra	0.000154552028647098	NA	0.000540540540540541
Master_mconsumosdolares	0.000152740057775962	NA	0.000386100386100386
tcajas_depositos	0.00015168695725762	NA	0.000772200772200772
Master_msaldodolares__min	0.00015029702796558	NA	0.000501930501930502
tseguro_vida_mercado_abierto__max	0.000150222799519497	NA	0.000579150579150579
mtarjeta_master_descuentos__max	0.000147035349999248	NA	0.000617760617760618
mttarjeta_master_debitos_automaticos__min	0.000146705608308323	NA	0.000501930501930502
mcambio_monedas_compra__max	0.000143195358375926	NA	0.000656370656370656
mttarjeta_master_debitos_automaticos	0.000139204455951725	NA	0.000463320463320463
tpaquete9__tend	0.000138379773436175	NA	0.000463320463320463
cliente_antiguedad__tend	0.000137805555587582	NA	0.000501930501930502
Visa_madelantodolares__tend	0.000136607321866212	NA	0.000424710424710425
ctransferencias_emitidas__min	0.000135873602243726	NA	0.000463320463320463
tcaja_ahorro__min	0.000134909006124701	NA	0.000540540540540541
Master_marca_atraso__max	0.000130951724358996	NA	0.000115830115830116
mcheques_emitidos__min	0.000130864075068002	NA	0.000463320463320463
mcheques_depositados_rechazados__tend	0.000130689339069346	NA	0.000424710424710425
tpagodeservicios__min	0.000130634070185901	NA	0.000424710424710425
ctarjeta_visa_descuentos	0.000130442060999094	NA	0.000617760617760618
mtarjeta_master_descuentos__tend	0.000127226032062186	NA	0.000617760617760618
tfondos_comunes_inversion__min	0.000126914437466363	NA	0.000424710424710425
mtitulos__min	0.000126213136765687	NA	0.000617760617760618
tpaquete9__max	0.000126139081175282	NA	0.000231660231660232
mpagodeservicios__min	0.000125192635819385	NA	0.000386100386100386
tpagodeservicios	0.000123697045858173	NA	0.000463320463320463
tseguro_vida_mercado_abierto__tend	0.000123388623645458	NA	0.000501930501930502
tseguro_vida_mercado_abierto__min	0.00012293508198481	NA	0.000540540540540541
marketing_activo_ultimos90dias__min	0.000118496625492244	NA	3.86100386100386e-05
tpaquete9	0.000113522326028462	NA	0.000231660231660232
ccambio_monedas_compra__max	0.000113336755601011	NA	0.000501930501930502
tcajas_otras	0.000112849208597747	NA	0.000347490347490347
ttitulos__max	0.000111217034224236	NA	0.000386100386100386
thomebanking__min	0.000111049260136999	NA	7.72200772200772e-05
ctarjeta_master_descuentos__max	0.00010976407221537	NA	0.000347490347490347
mfondos_comunes_inversion_pesos__min	0.000109634379563512	NA	0.000386100386100386
Master_tadelantosefectivo__tend	0.000109084113001055	NA	0.000347490347490347
ccheques_depositados_rechazados__max	0.000108946168668493	NA	0.000115830115830116
mcheques_depositados_rechazados__max	0.000106694600592188	NA	0.000424710424710425
mcambio_monedas_venta__min	0.000105514181092654	NA	0.00027027027027027
ttarjeta_master__min	0.000105271007083855	NA	0.000424710424710425
mprestamos_hipotecarios__max	0.000104497150097987	NA	0.000308880308880309
ccheques_emitidos__min	0.000104122508571741	NA	0.000424710424710425
tplazo_fijo__max	0.000103382433178964	NA	0.000424710424710425
Master_madelantopesos__max	0.000102352026731194	NA	0.000386100386100386
ccheques_depositados__min	0.000101175701664548	NA	0.000386100386100386
tcuentas__tend	0.000101145914779915	NA	0.000501930501930502
tseguro_vivienda__min	0.000100986302736021	NA	0.00027027027027027
ccomisiones_mantenimiento__max	9.99023600881068e-05	NA	0.000424710424710425
Visa_cuenta_estado__min	9.57269789323906e-05	NA	3.86100386100386e-05
thomebanking__max	9.17551066803075e-05	NA	0.000154440154440154
mtarjeta_visa_descuentos__min	9.13557981445506e-05	NA	0.000308880308880309
mcheques_depositados__min	8.97858807005815e-05	NA	0.00027027027027027
Master_mconsumosdolares__min	8.95624278281068e-05	NA	0.000308880308880309
ccheques_emitidos__max	8.95102593427785e-05	NA	0.000424710424710425
ttarjeta_master_debitos_automaticos__min	8.85366155816288e-05	NA	0.000347490347490347
mprestamos_hipotecarios	8.82193149144411e-05	NA	0.000347490347490347
cprestamos_prendarios__min	8.65040872852401e-05	NA	0.000231660231660232
Master_mconsumosdolares__tend	8.61826500028773e-05	NA	0.000347490347490347
ccheques_depositados	8.5847098618881e-05	NA	0.000386100386100386
ctransferencias_recibidas__tend	8.20834784852377e-05	NA	0.000308880308880309
Master_madelantopesos	8.02971782869496e-05	NA	0.000193050193050193
ttitulos__min	8.00946776316839e-05	NA	0.000424710424710425
tplazo_fijo__min	7.82415707773646e-05	NA	0.000424710424710425
cprestamos_prendarios	7.67827435965498e-05	NA	0.000308880308880309
tseguro_accidentes_personales__tend	7.48415504977605e-05	NA	0.000386100386100386
mprestamos_hipotecarios__tend	7.4758624247436e-05	NA	0.00027027027027027
tcajas_consultas	7.43752603870309e-05	NA	0.000347490347490347
mtransferencias_recibidas__max	7.36084567839539e-05	NA	0.000193050193050193
ccambio_monedas_venta	7.03549832725041e-05	NA	0.000231660231660232
mfondos_comunes_inversion_dolares	6.95302778317981e-05	NA	0.000308880308880309
ccheques_depositados_rechazados	6.8948419487164e-05	NA	0.000115830115830116
mtransferencias_recibidas__tend	6.71853406380405e-05	NA	0.000231660231660232
tcallcenter__max	6.63766915181967e-05	NA	0.000193050193050193
Master_madelantopesos__min	6.59524326179987e-05	NA	0.000193050193050193
tfondos_comunes_inversion__max	6.41886573026314e-05	NA	0.000231660231660232
tseguro_vivienda__max	6.19665640995846e-05	NA	0.000231660231660232
tcuenta_corriente__max	6.12851931541536e-05	NA	0.000193050193050193
mcajeros_propios_descuentos	6.12063938904387e-05	NA	0.00027027027027027
Master_tadelantosefectivo	5.78478713529826e-05	NA	0.000193050193050193
Master_madelantopesos__tend	5.69351975031091e-05	NA	0.00027027027027027
Master_tadelantosefectivo__min	5.26901889801493e-05	NA	0.000154440154440154
ccambio_monedas_compra	5.18698530742049e-05	NA	0.000193050193050193
Visa_tadelantosefectivo__min	5.13549311419858e-05	NA	0.000154440154440154
mcuenta_corriente_Nopaquete__min	4.92373266741293e-05	NA	0.000193050193050193
tseguro_accidentes_personales__max	4.91479749610399e-05	NA	0.000154440154440154
cprestamos_prendarios__max	4.71640264460362e-05	NA	0.000115830115830116
ttarjeta_master_debitos_automaticos	4.70777480793799e-05	NA	0.000231660231660232
ccallcenter_transacciones__min	4.62575350522724e-05	NA	0.000193050193050193
tcuentas__min	4.62233834471602e-05	NA	3.86100386100386e-05
ccheques_depositados_rechazados__tend	4.61838247147191e-05	NA	0.00027027027027027
tseguro_accidentes_personales__min	4.54057430810755e-05	NA	0.000115830115830116
tcajas_extracciones__min	4.49995308637965e-05	NA	0.000231660231660232
mcuenta_corriente_Nopaquete	4.18278355108514e-05	NA	0.000154440154440154
tseguro_vivienda	4.08651669389555e-05	NA	0.000154440154440154
tcajas_depositos__min	4.05252281385757e-05	NA	0.000193050193050193
ccambio_monedas_venta__min	3.99970857273098e-05	NA	0.000154440154440154
internet__max	3.988834666817e-05	NA	7.72200772200772e-05
tseguro_auto__tend	3.80753414139894e-05	NA	0.000115830115830116
mcuenta_corriente_Nopaquete__tend	3.61907881229831e-05	NA	0.000193050193050193
Master_tadelantosefectivo__max	3.58699349735989e-05	NA	0.000154440154440154
tpaquete9__min	3.44370086341991e-05	NA	7.72200772200772e-05
mtarjeta_master_descuentos	3.34470128176727e-05	NA	0.000193050193050193
tcajas__min	3.32757284305263e-05	NA	0.000154440154440154
mcambio_monedas_compra__min	3.29267415295184e-05	NA	7.72200772200772e-05
ccajeros_propios_descuentos	3.25921640061552e-05	NA	0.000154440154440154
marketing_activo_ultimos90dias__max	3.21370909450768e-05	NA	0.000154440154440154
ctarjeta_master_descuentos	2.99885879517652e-05	NA	0.000193050193050193
mplazo_fijo_pesos	2.86739545010779e-05	NA	7.72200772200772e-05
cprestamos_hipotecarios__tend	2.72672320736572e-05	NA	7.72200772200772e-05
ctarjeta_master_descuentos__min	2.68179595355872e-05	NA	7.72200772200772e-05
Master_madelantodolares__tend	2.47363136336504e-05	NA	0.000115830115830116
cliente_vip__min	2.27852842673646e-05	NA	0.000154440154440154
mfondos_comunes_inversion_dolares__min	2.22809730144167e-05	NA	7.72200772200772e-05
tcuenta_corriente	2.19444702364402e-05	NA	0.000115830115830116
mtransferencias_recibidas	2.12775398468663e-05	NA	3.86100386100386e-05
ttarjeta_master__max	2.0578747158273e-05	NA	7.72200772200772e-05
Visa_madelantopesos__min	1.96447029363423e-05	NA	0.000115830115830116
ctransferencias_recibidas__max	1.86466264607772e-05	NA	7.72200772200772e-05
tseguro_auto__min	1.81148027279372e-05	NA	7.72200772200772e-05
ctransferencias_recibidas__min	1.65183214470374e-05	NA	3.86100386100386e-05
tseguro_auto	1.63687673568996e-05	NA	7.72200772200772e-05
tcambio_monedas__min	1.63648709973609e-05	NA	7.72200772200772e-05
mplazo_fijo_pesos__min	1.28821110782032e-05	NA	3.86100386100386e-05
mcheques_depositados_rechazados	1.19428050744337e-05	NA	7.72200772200772e-05
tcajas_consultas__min	1.0873418983667e-05	NA	7.72200772200772e-05
tcajas_otras__min	1.07706551372253e-05	NA	7.72200772200772e-05
ccajeros_propios_descuentos__min	1.03525392618685e-05	NA	3.86100386100386e-05
tpaquete7__min	1.02771255852134e-05	NA	3.86100386100386e-05
mcuenta_corriente_Nopaquete__max	8.57330688922055e-06	NA	3.86100386100386e-05
cplan_sueldo_transaccion__tend	7.73307424025609e-06	NA	3.86100386100386e-05
cliente_vip__max	7.59440547276003e-06	NA	3.86100386100386e-05
mplan_sueldo_manual	6.96950606446612e-06	NA	3.86100386100386e-05
tcuentas	6.8014385352302e-06	NA	3.86100386100386e-05
tcambio_monedas	4.69310729303511e-06	NA	3.86100386100386e-05
