dataset 

 170  Variables      200408  Observations
-----------------------------------------------------------------------------------
foto_mes 
       n  missing distinct     Info     Mean      Gmd 
  200408        0        1        0   201612        0 
                 
Value      201612
Frequency  200408
Proportion      1
-----------------------------------------------------------------------------------
marketing_activo_ultimos90dias 
       n  missing distinct     Info      Sum     Mean      Gmd 
  200408        0        2    0.042   197547   0.9857  0.02814 

-----------------------------------------------------------------------------------
cliente_vip 
       n  missing distinct     Info      Sum     Mean      Gmd 
  200408        0        2    0.036     2462  0.01228  0.02427 

-----------------------------------------------------------------------------------
internet 
       n  missing distinct     Info      Sum     Mean      Gmd 
  200408        0        2    0.329   175243   0.8744   0.2196 

-----------------------------------------------------------------------------------
cliente_edad 
       n  missing distinct     Info     Mean      Gmd      .05      .10      .25 
  200408        0       83    0.999    46.52    14.18       29       31       37 
     .50      .75      .90      .95 
      45       56       64       69 

lowest :  18  19  20  21  22, highest:  96  97  98 100 107
-----------------------------------------------------------------------------------
cliente_antiguedad 
       n  missing distinct     Info     Mean      Gmd      .05      .10      .25 
  200408        0      272        1    122.4     87.6       13       23       64 
     .50      .75      .90      .95 
     114      167      240      271 

lowest :   1   2   3   4   5, highest: 268 269 270 271 324
-----------------------------------------------------------------------------------
mrentabilidad 
       n  missing distinct     Info     Mean      Gmd      .05      .10      .25 
  200408        0   144181        1     1946     2063    189.1    386.0    692.6 
     .50      .75      .90      .95 
  1193.1   2062.7   3658.3   5453.4 

-160000 (1, 0.000), -40000 (1, 0.000), -20000 (4, 0.000), 0 (197123, 0.984), 20000
(2797, 0.014), 40000 (279, 0.001), 60000 (109, 0.001), 80000 (39, 0.000), 1e+05
(16, 0.000), 120000 (9, 0.000), 140000 (4, 0.000), 160000 (4, 0.000), 180000 (8,
0.000), 2e+05 (1, 0.000), 220000 (1, 0.000), 240000 (6, 0.000), 280000 (3, 0.000),
380000 (1, 0.000), 460000 (1, 0.000), 1760000 (1, 0.000)
-----------------------------------------------------------------------------------
mrentabilidad_annual 
       n  missing distinct     Info     Mean      Gmd      .05      .10      .25 
  200408        0   170381    0.998    15453    16528        0        0     5284 
     .50      .75      .90      .95 
   10632    18591    32136    45810 

lowest : -328294.3 -253599.9 -228061.8 -222537.9 -146697.3
highest:  992470.3 1122729.4 1287451.4 1350971.3 2729053.4
-----------------------------------------------------------------------------------
mcomisiones 
       n  missing distinct     Info     Mean      Gmd      .05      .10      .25 
  200408        0   103797        1    729.2    683.3    32.92   107.51   299.34 
     .50      .75      .90      .95 
  549.53   888.40  1387.90  1869.65 
                                                                                
Value      -10000  -5000      0   5000  10000  15000  20000  25000  30000  35000
Frequency       1      9 195464   4466    287     76     40     29     10      4
Proportion  0.000  0.000  0.975  0.022  0.001  0.000  0.000  0.000  0.000  0.000
                                                                                
Value       40000  45000  50000  55000  65000  70000  75000  90000  95000 325000
Frequency       3      5      2      4      3      1      1      1      1      1
Proportion  0.000  0.000  0.000  0.000  0.000  0.000  0.000  0.000  0.000  0.000
-----------------------------------------------------------------------------------
mactivos_margen 
       n  missing distinct     Info     Mean      Gmd      .05      .10      .25 
  200408        0   100314        1    101.2    525.9   -515.8   -325.3   -122.2 
     .50      .75      .90      .95 
     0.0    193.2    646.1   1032.5 

lowest : -59912.00 -28135.07 -25289.32 -22751.72 -18279.15
highest:  32399.46  35031.69  35275.00  36796.89  73156.90
-----------------------------------------------------------------------------------
mpasivos_margen 
       n  missing distinct     Info     Mean      Gmd      .05      .10      .25 
  200408        0   109216        1    938.8     1318     8.33    36.76   135.96 
     .50      .75      .90      .95 
  352.55   835.33  1925.33  3267.78 
                                                                                  
Value      -140000  -40000  -20000       0   20000   40000   60000   80000  100000
Frequency        1       1       2  198641    1463     181      62      19      10
Proportion   0.000   0.000   0.000   0.991   0.007   0.001   0.000   0.000   0.000
                                                                          
Value       120000  140000  160000  180000  200000  240000  360000 1500000
Frequency        7       4       5       1       6       3       1       1
Proportion   0.000   0.000   0.000   0.000   0.000   0.000   0.000   0.000
-----------------------------------------------------------------------------------
marketing_coss_selling 
       n  missing distinct     Info     Mean      Gmd      .05      .10      .25 
  200408        0       18    0.969    8.536    2.004        6        6        7 
     .50      .75      .90      .95 
       8       10       11       12 
                                                                                  
Value          3     4     5     6     7     8     9    10    11    12    13    14
Frequency      9   887  2917 17361 40941 47000 37671 25081 14922  8009  3645  1368
Proportion 0.000 0.004 0.015 0.087 0.204 0.235 0.188 0.125 0.074 0.040 0.018 0.007
                                              
Value         15    16    17    18    19    20
Frequency    435   108    33    16     3     2
Proportion 0.002 0.001 0.000 0.000 0.000 0.000
-----------------------------------------------------------------------------------
tpaquete1 
       n  missing distinct     Info     Mean      Gmd 
  200408        0        1        0        1        0 
                 
Value           1
Frequency  200408
Proportion      1
-----------------------------------------------------------------------------------
tpaquete2 
       n  missing distinct     Info     Mean      Gmd 
  200408        0        1        0        0        0 
                 
Value           0
Frequency  200408
Proportion      1
-----------------------------------------------------------------------------------
tpaquete3 
       n  missing distinct     Info     Mean      Gmd 
  200408        0        1        0        0        0 
                 
Value           0
Frequency  200408
Proportion      1
-----------------------------------------------------------------------------------
tpaquete4 
       n  missing distinct     Info     Mean      Gmd 
  200408        0        1        0        0        0 
                 
Value           0
Frequency  200408
Proportion      1
-----------------------------------------------------------------------------------
tpaquete5 
       n  missing distinct     Info     Mean      Gmd 
  200408        0        1        0        0        0 
                 
Value           0
Frequency  200408
Proportion      1
-----------------------------------------------------------------------------------
tpaquete6 
       n  missing distinct     Info     Mean      Gmd 
  200408        0        1        0        0        0 
                 
Value           0
Frequency  200408
Proportion      1
-----------------------------------------------------------------------------------
tpaquete7 
       n  missing distinct     Info      Sum     Mean      Gmd 
  200408        0        2    0.032     2169  0.01082  0.02141 

-----------------------------------------------------------------------------------
tpaquete8 
       n  missing distinct     Info     Mean      Gmd 
  200408        0        1        0        0        0 
                 
Value           0
Frequency  200408
Proportion      1
-----------------------------------------------------------------------------------
tpaquete9 
       n  missing distinct     Info      Sum     Mean      Gmd 
  200408        0        2    0.036     2450  0.01223  0.02415 

-----------------------------------------------------------------------------------
tcuentas 
       n  missing distinct     Info     Mean      Gmd 
  200408        0        2    0.023    1.008  0.01524 
                        
Value           1      2
Frequency  198869   1539
Proportion  0.992  0.008
-----------------------------------------------------------------------------------
tcuenta_corriente 
       n  missing distinct     Info     Mean      Gmd 
  200408        0        4    0.058     1.02  0.03945 
                                      
Value           1      2      3      4
Frequency  196447   3897     58      6
Proportion  0.980  0.019  0.000  0.000
-----------------------------------------------------------------------------------
mcuenta_corriente_Nopaquete 
       n  missing distinct     Info     Mean      Gmd      .05      .10      .25 
  200408        0      201    0.003       50    100.3        0        0        0 
     .50      .75      .90      .95 
       0        0        0        0 
                                                                                  
Value            0   50000  100000  150000  200000  300000  650000 1300000 1800000
Frequency   200375      13       9       3       3       1       1       1       1
Proportion       1       0       0       0       0       0       0       0       0
                  
Value      3050000
Frequency        1
Proportion       0
-----------------------------------------------------------------------------------
mcuenta_corriente_Paquete 
       n  missing distinct     Info     Mean      Gmd      .05      .10      .25 
  200408        0    83898    0.888     2419     7670  -3728.0  -2025.0   -373.5 
     .50      .75      .90      .95 
     0.0      0.0      0.0   6108.4 

lowest : -630237.4 -478536.4 -442609.0 -427447.1 -406239.1
highest: 3072394.4 3275462.1 3422736.1 3540651.4 5696081.0
-----------------------------------------------------------------------------------
mcuenta_corriente_dolares 
       n  missing distinct     Info     Mean      Gmd 
  200408        0        1        0        0        0 
                 
Value           0
Frequency  200408
Proportion      1
-----------------------------------------------------------------------------------
tcaja_ahorro 
       n  missing distinct     Info     Mean      Gmd      .05      .10      .25 
  200408        0       13    0.248    2.164   0.3045        2        2        2 
     .50      .75      .90      .95 
       2        2        2        4 
                                                                                
Value           2      3      4      5      6      7      8      9     10     11
Frequency  182202   6756   9762    679    761     80    134     12     18      1
Proportion  0.909  0.034  0.049  0.003  0.004  0.000  0.001  0.000  0.000  0.000
                               
Value          12     13     18
Frequency       1      1      1
Proportion  0.000  0.000  0.000
-----------------------------------------------------------------------------------
mcaja_ahorro_Paquete 
       n  missing distinct     Info     Mean      Gmd      .05      .10      .25 
  200408        0   177519        1    31276    45335      0.0     51.4   2323.4 
     .50      .75      .90      .95 
 10843.7  29159.1  69043.0 119038.5 
                                                                                  
Value             0   500000  1000000  1500000  2000000  2500000  3000000  3500000
Frequency    197184     2819      266       74       29       18        6        3
Proportion    0.984    0.014    0.001    0.000    0.000    0.000    0.000    0.000
                                                       
Value       4000000  4500000  6000000  6500000 30500000
Frequency         3        1        2        2        1
Proportion    0.000    0.000    0.000    0.000    0.000
-----------------------------------------------------------------------------------
mcaja_ahorro_Nopaquete 
       n  missing distinct     Info     Mean      Gmd      .05      .10      .25 
  200408        0     2809    0.042    294.9    587.7        0        0        0 
     .50      .75      .90      .95 
       0        0        0        0 

lowest :   -6793.54       0.00       0.01       0.02       0.03
highest:  526050.61  568394.56  981653.58 1093448.51 1193061.10
-----------------------------------------------------------------------------------
mcaja_ahorro_dolares 
        n   missing  distinct      Info      Mean       Gmd       .05       .10 
   200408         0     56197     0.888     61171    115165      0.00      0.00 
      .25       .50       .75       .90       .95 
     0.00      0.37   4845.55  87047.18 241115.52 

lowest :   -74543.51   -43231.66   -21426.03   -20611.53   -18281.40
highest: 40410671.86 42035158.47 44093321.29 46177317.13 83044948.38
-----------------------------------------------------------------------------------
mdescubierto_preacordado 
       n  missing distinct     Info     Mean      Gmd 
  200408        0        2    0.052     1.15  0.04028 
                        
Value        0.00   1.17
Frequency    3511 196897
Proportion  0.018  0.982
-----------------------------------------------------------------------------------
mcuentas_saldo 
       n  missing distinct     Info     Mean      Gmd      .05      .10      .25 
  200408        0   193869        1    92239   155311  -4285.5  -1692.7    682.7 
     .50      .75      .90      .95 
 16242.0  59217.5 179095.8 356861.6 

lowest :   -694356.8   -680720.5   -655747.5   -630232.2   -604951.8
highest:  34326335.5  37686281.3  42705337.6  66794452.2 168777030.6
-----------------------------------------------------------------------------------
ttarjeta_debito 
       n  missing distinct     Info     Mean      Gmd      .05      .10      .25 
  200408        0       15    0.689    1.414   0.6062        1        1        1 
     .50      .75      .90      .95 
       1        2        2        3 
                                                                                
Value           0      1      2      3      4      5      6      7      8      9
Frequency     514 132800  54737   9597   2307    340     94      7      5      1
Proportion  0.003  0.663  0.273  0.048  0.012  0.002  0.000  0.000  0.000  0.000
                                             
Value          10     53     77    280    302
Frequency       2      1      1      1      1
Proportion  0.000  0.000  0.000  0.000  0.000
-----------------------------------------------------------------------------------
ctarjeta_debito_transacciones 
       n  missing distinct     Info     Mean      Gmd      .05      .10      .25 
  200408        0      106     0.95    6.834    9.174        0        0        0 
     .50      .75      .90      .95 
       3       10       20       26 

lowest :   0   1   2   3   4, highest: 115 121 124 135 142
-----------------------------------------------------------------------------------
mautoservicio 
       n  missing distinct     Info     Mean      Gmd      .05      .10      .25 
  200408        0   107326    0.951     4703     6544        0        0        0 
     .50      .75      .90      .95 
    1542     6755    13543    18960 

lowest :      0.00      0.01      0.02      0.03      0.05
highest: 108305.03 111166.57 125392.02 134639.02 156772.13
-----------------------------------------------------------------------------------
ttarjeta_visa 
       n  missing distinct     Info     Mean      Gmd 
  200408        0        4    0.127   0.9988  0.08668 
                                      
Value           0      1      2      3
Frequency    4562 191565   4243     38
Proportion  0.023  0.956  0.021  0.000
-----------------------------------------------------------------------------------
ctarjeta_visa_transacciones 
       n  missing distinct     Info     Mean      Gmd      .05      .10      .25 
  200408        0      182    0.998    15.08    15.56        0        0        4 
     .50      .75      .90      .95 
      11       21       34       45 

lowest :   0   1   2   3   4, highest: 231 236 257 260 264
-----------------------------------------------------------------------------------
mtarjeta_visa_consumo 
       n  missing distinct     Info     Mean      Gmd      .05      .10      .25 
  200408        0   167476    0.999    10425    11882        0        0     2332 
     .50      .75      .90      .95 
    6457    13352    24082    34188 

lowest :      0.00      0.65      0.97      1.17      1.41
highest: 318461.69 326075.15 326469.53 417447.88 647347.22
-----------------------------------------------------------------------------------
ttarjeta_master 
       n  missing distinct     Info     Mean      Gmd 
  200408        0        4    0.291   0.9078   0.1975 
                                      
Value           0      1      2      3
Frequency   20156 178590   1646     16
Proportion  0.101  0.891  0.008  0.000
-----------------------------------------------------------------------------------
ctarjeta_master_transacciones 
       n  missing distinct     Info     Mean      Gmd      .05      .10      .25 
  200408        0      103    0.853    3.112    4.812        0        0        0 
     .50      .75      .90      .95 
       0        4       10       15 

lowest :   0   1   2   3   4, highest: 114 127 128 137 153
-----------------------------------------------------------------------------------
mtarjeta_master_consumo 
       n  missing distinct     Info     Mean      Gmd      .05      .10      .25 
  200408        0    82433    0.855     2828     4591        0        0        0 
     .50      .75      .90      .95 
       0     2820     8167    13529 

lowest :      0.00      0.11      0.81      1.17      1.48
highest: 266487.62 293448.87 299775.09 310724.35 397209.87
-----------------------------------------------------------------------------------
cprestamos_personales 
       n  missing distinct     Info     Mean      Gmd      .05      .10      .25 
  200408        0       58    0.674   0.7005    1.147        0        0        0 
     .50      .75      .90      .95 
       0        1        2        3 

lowest :   0   1   2   3   4, highest:  57  65  70  72 101
-----------------------------------------------------------------------------------
mprestamos_personales 
       n  missing distinct     Info     Mean      Gmd      .05      .10      .25 
  200408        0    49697     0.68    20619    34054        0        0        0 
     .50      .75      .90      .95 
       0    19479    77980   115405 

lowest :       0.00      25.11      30.98      93.29      98.29
highest:  584999.61  585000.00  620100.00  879039.96 1633280.23
-----------------------------------------------------------------------------------
cprestamos_prendarios 
       n  missing distinct     Info     Mean      Gmd 
  200408        0        5    0.052  0.01803  0.03545 
                                             
Value           0      1      2      3      4
Frequency  196880   3450     71      6      1
Proportion  0.982  0.017  0.000  0.000  0.000
-----------------------------------------------------------------------------------
mprestamos_prendarios 
       n  missing distinct     Info     Mean      Gmd      .05      .10      .25 
  200408        0     3270    0.051     2532     5020        0        0        0 
     .50      .75      .90      .95 
       0        0        0        0 

lowest :       0.00    1332.46    1550.69    1891.87    1938.51
highest: 1358821.45 1373209.60 1388996.98 1389458.01 4576072.97
-----------------------------------------------------------------------------------
cprestamos_hipotecarios 
       n  missing distinct     Info     Mean      Gmd 
  200408        0        4    0.053  0.01851  0.03637 
                                      
Value           0      1      2      3
Frequency  196786   3538     80      4
Proportion  0.982  0.018  0.000  0.000
-----------------------------------------------------------------------------------
mprestamos_hipotecarios 
       n  missing distinct     Info     Mean      Gmd      .05      .10      .25 
  200408        0     3348    0.053     4191     8320        0        0        0 
     .50      .75      .90      .95 
       0        0        0        0 

lowest :       0.00     342.81     524.69     569.27     620.43
highest: 2981321.48 2986939.80 2987090.77 3002822.55 3025867.32
-----------------------------------------------------------------------------------
tplazo_fijo 
       n  missing distinct     Info     Mean      Gmd      .05      .10      .25 
  200408        0       38    0.274   0.1722   0.3212        0        0        0 
     .50      .75      .90      .95 
       0        0        1        1 

lowest :  0  1  2  3  4, highest: 41 43 44 54 64
-----------------------------------------------------------------------------------
mplazo_fijo_dolares 
       n  missing distinct     Info     Mean      Gmd      .05      .10      .25 
  200408        0     6456    0.255    26795    51750        0        0        0 
     .50      .75      .90      .95 
       0        0        0   117000 

lowest :        0.00      585.00      585.02      594.74      597.78
highest:  9693164.54 10530000.00 11443353.45 11984458.05 14607509.67
-----------------------------------------------------------------------------------
mplazo_fijo_pesos 
       n  missing distinct     Info     Mean      Gmd      .05      .10      .25 
  200408        0     2445    0.045     7468    14874        0        0        0 
     .50      .75      .90      .95 
       0        0        0        0 

lowest :        0.00     9272.36     9272.74     9273.10     9273.85
highest: 23194403.04 24108154.20 29333733.10 37089468.00 59343148.80
-----------------------------------------------------------------------------------
tfondos_comunes_inversion 
       n  missing distinct     Info     Mean      Gmd      .05      .10      .25 
  200408        0       14     0.09  0.04482  0.08756        0        0        0 
     .50      .75      .90      .95 
       0        0        0        0 
                                                                                
Value           0      1      2      3      4      5      6      7      8      9
Frequency  194184   4557   1097    312    134     62     27     18      6      4
Proportion  0.969  0.023  0.005  0.002  0.001  0.000  0.000  0.000  0.000  0.000
                                      
Value          10     11     12     15
Frequency       4      1      1      1
Proportion  0.000  0.000  0.000  0.000
-----------------------------------------------------------------------------------
mfondos_comunes_inversion_pesos 
       n  missing distinct     Info     Mean      Gmd      .05      .10      .25 
  200408        0     5096    0.075     6844    13596        0        0        0 
     .50      .75      .90      .95 
       0        0        0        0 

lowest :        0.00        1.70        1.80        2.30        3.03
highest:  9627084.79 10783868.57 13478833.16 19190847.48 22554805.31
-----------------------------------------------------------------------------------
mfondos_comunes_inversion_dolares 
       n  missing distinct     Info     Mean      Gmd      .05      .10      .25 
  200408        0     1859    0.028     2406     4799        0        0        0 
     .50      .75      .90      .95 
       0        0        0        0 

lowest :       0.00      19.46      20.03      20.76      21.87
highest: 6208080.40 6646132.60 6700436.97 9231153.73 9414206.21
-----------------------------------------------------------------------------------
ttitulos 
       n  missing distinct     Info     Mean      Gmd      .05      .10      .25 
  200408        0       43    0.155   0.1535   0.2981        0        0        0 
     .50      .75      .90      .95 
       0        0        0        1 

lowest :  0  1  2  3  4, highest: 42 44 48 49 52
-----------------------------------------------------------------------------------
mtitulos 
       n  missing distinct     Info     Mean      Gmd      .05      .10      .25 
  200408        0     9165    0.155    25232    50055    0.000    0.000    0.000 
     .50      .75      .90      .95 
   0.000    0.000    0.000    8.622 

lowest :         0.00         0.01         0.02         0.03         0.04
highest:  50835575.70  54451697.76  54915336.83  58750168.92 112525674.67
-----------------------------------------------------------------------------------
tseguro_vida_mercado_abierto 
       n  missing distinct     Info     Mean      Gmd 
  200408        0        8      0.5   0.3157   0.5322 
                                                                  
Value           0      1      2      3      4      5      6      7
Frequency  158836  26331   9676   4712    817     30      5      1
Proportion  0.793  0.131  0.048  0.024  0.004  0.000  0.000  0.000
-----------------------------------------------------------------------------------
tseguro_auto 
       n  missing distinct     Info     Mean      Gmd 
  200408        0        7    0.077  0.02928  0.05716 
                                                           
Value           0      1      2      3      4      5      8
Frequency  195132   4777    426     61      7      4      1
Proportion  0.974  0.024  0.002  0.000  0.000  0.000  0.000
-----------------------------------------------------------------------------------
tseguro_vivienda 
       n  missing distinct     Info     Mean      Gmd 
  200408        0        7    0.417   0.1723   0.2891 
                                                           
Value           0      1      2      3      4      5      6
Frequency  167057  32279    994     57     16      4      1
Proportion  0.834  0.161  0.005  0.000  0.000  0.000  0.000
-----------------------------------------------------------------------------------
tseguro_accidentes_personales 
       n  missing distinct     Info     Mean      Gmd 
  200408        0        4    0.463    0.191   0.3094 
                                      
Value           0      1      2      3
Frequency  162230  38079     97      2
Proportion  0.809  0.190  0.000  0.000
-----------------------------------------------------------------------------------
tcaja_seguridad 
       n  missing distinct     Info      Sum     Mean      Gmd 
  200408        0        2    0.253    18661  0.09312   0.1689 

-----------------------------------------------------------------------------------
mbonos_corporativos 
       n  missing distinct     Info     Mean      Gmd 
  200408        0        1        0        0        0 
                 
Value           0
Frequency  200408
Proportion      1
-----------------------------------------------------------------------------------
mmonedas_extranjeras 
       n  missing distinct     Info     Mean      Gmd 
  200408        0        1        0        0        0 
                 
Value           0
Frequency  200408
Proportion      1
-----------------------------------------------------------------------------------
minversiones_otras 
       n  missing distinct     Info     Mean      Gmd 
  200408        0        1        0        0        0 
                 
Value           0
Frequency  200408
Proportion      1
-----------------------------------------------------------------------------------
tplan_sueldo 
       n  missing distinct     Info     Mean      Gmd      .05      .10      .25 
  200408        0       20    0.806    1.166    1.553        0        0        0 
     .50      .75      .90      .95 
       0        2        3        4 
                                                                                
Value           0      1      2      3      4      5      6      7      8      9
Frequency  114353   7194  37818  23700  11825   3249   1347    364    176    182
Proportion  0.571  0.036  0.189  0.118  0.059  0.016  0.007  0.002  0.001  0.001
                                                                                
Value          10     11     12     13     14     15     16     17     18     26
Frequency      46     23     53     18     18     27      7      2      5      1
Proportion  0.000  0.000  0.000  0.000  0.000  0.000  0.000  0.000  0.000  0.000
-----------------------------------------------------------------------------------
mplan_sueldo 
       n  missing distinct     Info     Mean      Gmd      .05      .10      .25 
  200408        0    76219    0.814    28321    41116        0        0        0 
     .50      .75      .90      .95 
       0    48385    73497   100939 
                                                                                  
Value      0.0e+00 5.0e+05 1.0e+06 1.5e+06 2.0e+06 2.5e+06 3.0e+06 3.5e+06 4.0e+06
Frequency   199438     815      76      43       9       5       5       6       2
Proportion   0.995   0.004   0.000   0.000   0.000   0.000   0.000   0.000   0.000
                                                          
Value      4.5e+06 5.0e+06 6.0e+06 7.0e+06 8.5e+06 4.4e+07
Frequency        2       3       1       1       1       1
Proportion   0.000   0.000   0.000   0.000   0.000   0.000
-----------------------------------------------------------------------------------
mplan_sueldo_manual 
       n  missing distinct     Info     Mean      Gmd      .05      .10      .25 
  200408        0       21        0    2.322    9.079        0        0        0 
     .50      .75      .90      .95 
       0        0        0        0 
                                                                                
Value      -29500 -28000 -25500 -23500 -19500 -17500 -13500  -7500  -7000  -6000
Frequency       1      1      1      1      2      1      1      1      1      1
Proportion      0      0      0      0      0      0      0      0      0      0
                                                                                
Value       -4500  -2500      0   1000  23500  41500  91500  93000 210000 226500
Frequency       1      9 200380      1      1      1      1      1      1      1
Proportion      0      0      1      0      0      0      0      0      0      0
-----------------------------------------------------------------------------------
cplan_sueldo_transaccion 
        n   missing  distinct      Info      Mean       Gmd 
   200408         0         4         0 0.0001697 0.0003393 
                                      
Value           0      1      2      3
Frequency  200380     24      2      2
Proportion      1      0      0      0
-----------------------------------------------------------------------------------
tcuenta_debitos_automaticos 
       n  missing distinct     Info     Mean      Gmd      .05      .10      .25 
  200408        0       30    0.822   0.9498    1.354        0        0        0 
     .50      .75      .90      .95 
       0        1        3        4 

lowest :  0  1  2  3  4, highest: 25 29 30 33 40
-----------------------------------------------------------------------------------
mcuenta_debitos_automaticos 
       n  missing distinct     Info     Mean      Gmd      .05      .10      .25 
  200408        0    53078    0.835     1132     1966      0.0      0.0      0.0 
     .50      .75      .90      .95 
     0.0    732.6   3043.7   5710.6 

lowest :      0.00      0.02      0.11      0.30      0.50
highest: 228967.16 263287.40 381698.51 795606.99 908805.83
-----------------------------------------------------------------------------------
ttarjeta_visa_debitos_automaticos 
       n  missing distinct     Info     Mean      Gmd      .05      .10      .25 
  200408        0       42    0.955    2.493    3.068        0        0        0 
     .50      .75      .90      .95 
       1        4        7        9 

lowest :  0  1  2  3  4, highest: 37 38 40 45 66
-----------------------------------------------------------------------------------
mttarjeta_visa_debitos_automaticos 
       n  missing distinct     Info     Mean      Gmd      .05      .10      .25 
  200408        0    95991    0.965     2132     3076      0.0      0.0      0.0 
     .50      .75      .90      .95 
   642.1   2631.4   5943.3   8987.7 

lowest :     0.00     0.02     0.31     0.63     0.65
highest: 86925.47 87655.65 87805.29 91316.42 95017.82
-----------------------------------------------------------------------------------
ttarjeta_master_debitos_automaticos 
       n  missing distinct     Info     Mean      Gmd      .05      .10      .25 
  200408        0       24    0.474   0.4232   0.7451        0        0        0 
     .50      .75      .90      .95 
       0        0        1        3 

lowest :  0  1  2  3  4, highest: 19 20 21 22 34
-----------------------------------------------------------------------------------
mttarjeta_master_debitos_automaticos 
       n  missing distinct     Info     Mean      Gmd      .05      .10      .25 
  200408        0    25159    0.475    407.3    754.6        0        0        0 
     .50      .75      .90      .95 
       0        0     1039     2385 
                                                                                
Value           0   5000  10000  15000  20000  25000  30000  35000  40000  45000
Frequency  190888   7372   1446    431    169     54     24     10      6      1
Proportion  0.952  0.037  0.007  0.002  0.001  0.000  0.000  0.000  0.000  0.000
                                             
Value       50000  55000  60000  90000 380000
Frequency       2      2      1      1      1
Proportion  0.000  0.000  0.000  0.000  0.000
-----------------------------------------------------------------------------------
tpagodeservicios 
       n  missing distinct     Info     Mean      Gmd      .05      .10      .25 
  200408        0       45    0.363   0.4391   0.8104        0        0        0 
     .50      .75      .90      .95 
       0        0        1        3 

lowest :   0   1   2   3   4, highest:  47  51  52  70 332
-----------------------------------------------------------------------------------
mpagodeservicios 
       n  missing distinct     Info     Mean      Gmd      .05      .10      .25 
  200408        0    21225    0.364     2470     4877      0.0      0.0      0.0 
     .50      .75      .90      .95 
     0.0      0.0    448.2   2663.3 

lowest :        0.00        0.02        0.08        0.22        0.36
highest:  4897386.45  5014541.41  6220174.62  8338846.68 10036087.13
-----------------------------------------------------------------------------------
tpagomiscuentas 
       n  missing distinct     Info     Mean      Gmd      .05      .10      .25 
  200408        0       71    0.787    2.101    3.255        0        0        0 
     .50      .75      .90      .95 
       0        3        7       10 

lowest :   0   1   2   3   4, highest:  94  95 118 130 477
-----------------------------------------------------------------------------------
mpagomiscuentas 
       n  missing distinct     Info     Mean      Gmd      .05      .10      .25 
  200408        0    70934    0.788    12052    22848        0        0        0 
     .50      .75      .90      .95 
       0     2546    11376    24136 

lowest :        0.00        0.01        0.05        0.07        0.14
highest: 13439382.64 13690520.49 14254387.26 16482202.90 18119111.75
-----------------------------------------------------------------------------------
ccajeros_propios_descuentos 
       n  missing distinct     Info     Mean      Gmd      .05      .10      .25 
  200408        0       30    0.313   0.2133   0.3934        0        0        0 
     .50      .75      .90      .95 
       0        0        1        1 

lowest :  0  1  2  3  4, highest: 25 27 30 31 32
-----------------------------------------------------------------------------------
mcajeros_propios_descuentos 
       n  missing distinct     Info     Mean      Gmd      .05      .10      .25 
  200408        0     8362    0.269    21.67    41.51      0.0      0.0      0.0 
     .50      .75      .90      .95 
     0.0      0.0      0.0    114.2 

lowest :  -45.85  -10.29    0.00    0.17    0.35, highest: 4961.01 5309.92 5638.15 5889.72 7334.68
-----------------------------------------------------------------------------------
ctarjeta_visa_descuentos 
       n  missing distinct     Info     Mean      Gmd      .05      .10      .25 
  200408        0       21    0.511   0.3963   0.6804        0        0        0 
     .50      .75      .90      .95 
       0        0        1        2 

lowest :  0  1  2  3  4, highest: 16 17 18 19 20
-----------------------------------------------------------------------------------
mtarjeta_visa_descuentos 
       n  missing distinct     Info     Mean      Gmd      .05      .10      .25 
  200408        0    13646    0.373    86.84    163.7      0.0      0.0      0.0 
     .50      .75      .90      .95 
     0.0      0.0    149.0    511.8 

lowest :     0.00     0.35     1.17     2.92     3.51
highest: 19204.38 21729.56 23917.25 45244.63 60656.31
-----------------------------------------------------------------------------------
ctarjeta_master_descuentos 
       n  missing distinct     Info     Mean      Gmd      .05      .10      .25 
  200408        0       15    0.165  0.08924   0.1709        0        0        0 
     .50      .75      .90      .95 
       0        0        0        1 
                                                                                
Value           0      1      2      3      4      5      6      7      8      9
Frequency  188685   8132   2226    756    321    146     69     37     17      8
Proportion  0.942  0.041  0.011  0.004  0.002  0.001  0.000  0.000  0.000  0.000
                                             
Value          10     11     15     19     20
Frequency       5      3      1      1      1
Proportion  0.000  0.000  0.000  0.000  0.000
-----------------------------------------------------------------------------------
mtarjeta_master_descuentos 
       n  missing distinct     Info     Mean      Gmd      .05      .10      .25 
  200408        0     4044     0.09    16.85    33.32        0        0        0 
     .50      .75      .90      .95 
       0        0        0        0 

lowest :     0.00     5.73     6.43     7.31     7.60
highest: 20887.71 23001.90 25669.12 31062.29 35862.78
-----------------------------------------------------------------------------------
ccuenta_descuentos 
       n  missing distinct     Info     Mean      Gmd 
  200408        0        1        0        0        0 
                 
Value           0
Frequency  200408
Proportion      1
-----------------------------------------------------------------------------------
mcuenta_descuentos 
       n  missing distinct     Info     Mean      Gmd 
  200408        0        1        0        0        0 
                 
Value           0
Frequency  200408
Proportion      1
-----------------------------------------------------------------------------------
ccomisiones_mantenimiento 
       n  missing distinct     Info     Mean      Gmd      .05      .10      .25 
  200408        0       13    0.717   0.6601   0.5099        0        0        0 
     .50      .75      .90      .95 
       1        1        1        1 
                                                                                
Value           0      1      2      3      4      5      6      7      8     10
Frequency   72899 123679   3148    546     83     31     10      5      2      1
Proportion  0.364  0.617  0.016  0.003  0.000  0.000  0.000  0.000  0.000  0.000
                               
Value          11     25     28
Frequency       2      1      1
Proportion  0.000  0.000  0.000
-----------------------------------------------------------------------------------
mcomisiones_mantenimiento 
       n  missing distinct     Info     Mean      Gmd      .05      .10      .25 
  200408        0     1133    0.944    218.4    263.6     0.00     0.00     0.00 
     .50      .75      .90      .95 
   44.46   414.91   594.92   594.92 

lowest : -5621.39 -1783.08 -1703.52 -1609.77 -1514.19
highest:  1845.87  2008.53  2445.25  2459.88  2547.87
-----------------------------------------------------------------------------------
ccomisiones_otras 
       n  missing distinct     Info     Mean      Gmd      .05      .10      .25 
  200408        0      129    0.989    11.11    6.229        2        4        8 
     .50      .75      .90      .95 
      10       14       18       20 

lowest :   0   1   2   3   4, highest: 150 151 153 154 159
-----------------------------------------------------------------------------------
mcomisiones_otras 
       n  missing distinct     Info     Mean      Gmd      .05      .10      .25 
  200408        0   103841        1    730.8    686.3    32.93   107.56   299.40 
     .50      .75      .90      .95 
  549.57   888.60  1388.95  1871.78 
                                                                                
Value      -10000  -5000      0   5000  10000  15000  20000  25000  30000  35000
Frequency       1      9 195436   4483    292     77     43     27     12      5
Proportion  0.000  0.000  0.975  0.022  0.001  0.000  0.000  0.000  0.000  0.000
                                                                                
Value       40000  45000  50000  55000  65000  70000  75000  90000  95000 325000
Frequency       2      6      2      4      3      1      1      1      2      1
Proportion  0.000  0.000  0.000  0.000  0.000  0.000  0.000  0.000  0.000  0.000
-----------------------------------------------------------------------------------
tcambio_monedas 
       n  missing distinct     Info     Mean      Gmd      .05      .10      .25 
  200408        0       26    0.426   0.3022   0.5346        0        0        0 
     .50      .75      .90      .95 
       0        0        1        2 

lowest :  0  1  2  3  4, highest: 22 23 24 29 30
-----------------------------------------------------------------------------------
ccambio_monedas_compra 
       n  missing distinct     Info     Mean      Gmd      .05      .10      .25 
  200408        0       15    0.107  0.05519   0.1074        0        0        0 
     .50      .75      .90      .95 
       0        0        0        0 
                                                                                
Value           0      1      2      3      4      5      6      7      8      9
Frequency  193015   5295   1262    481    175     89     42     26      9      5
Proportion  0.963  0.026  0.006  0.002  0.001  0.000  0.000  0.000  0.000  0.000
                                             
Value          10     11     12     14     15
Frequency       4      2      1      1      1
Proportion  0.000  0.000  0.000  0.000  0.000
-----------------------------------------------------------------------------------
mcambio_monedas_compra 
       n  missing distinct     Info     Mean      Gmd      .05      .10      .25 
  200408        0     3089    0.107    282.6      562        0        0        0 
     .50      .75      .90      .95 
       0        0        0        0 

lowest :       0.00       0.01       0.02       0.03       0.04
highest:  507405.60  818820.99  839121.00  880169.94 1663474.41
-----------------------------------------------------------------------------------
ccambio_monedas_venta 
       n  missing distinct     Info     Mean      Gmd      .05      .10      .25 
  200408        0       26    0.368    0.247   0.4458        0        0        0 
     .50      .75      .90      .95 
       0        0        1        2 

lowest :  0  1  2  3  4, highest: 22 23 24 29 30
-----------------------------------------------------------------------------------
mcambio_monedas_venta 
       n  missing distinct     Info     Mean      Gmd      .05      .10      .25 
  200408        0    10820    0.368    555.1     1060      0.0      0.0      0.0 
     .50      .75      .90      .95 
     0.0      0.0    816.1   2340.0 

lowest :      0.00      0.01      0.07      0.10      0.12
highest: 265590.00 276994.57 291587.40 292500.00 335790.00
-----------------------------------------------------------------------------------
ctransferencias_recibidas 
       n  missing distinct     Info     Mean      Gmd      .05      .10      .25 
  200408        0       11    0.004 0.002445 0.004885        0        0        0 
     .50      .75      .90      .95 
       0        0        0        0 
                                                                                
Value           0      1      2      3      4      5      6      7      8      9
Frequency  200113    191     65     18     10      2      5      1      1      1
Proportion  0.999  0.001  0.000  0.000  0.000  0.000  0.000  0.000  0.000  0.000
                 
Value          11
Frequency       1
Proportion  0.000
-----------------------------------------------------------------------------------
mtransferencias_recibidas 
       n  missing distinct     Info     Mean      Gmd      .05      .10      .25 
  200408        0      158    0.004    28.28    56.52        0        0        0 
     .50      .75      .90      .95 
       0        0        0        0 

lowest :      0.00      0.11     40.95     44.69     58.50
highest: 103545.00 107055.00 150930.00 198900.00 389319.84
-----------------------------------------------------------------------------------
ctransferencias_emitidas 
       n  missing distinct     Info     Mean      Gmd      .05      .10      .25 
  200408        0       57     0.62   0.6559    1.093        0        0        0 
     .50      .75      .90      .95 
       0        1        2        3 

lowest :   0   1   2   3   4, highest:  76  79  81  85 104
-----------------------------------------------------------------------------------
mtransferencias_emitidas 
       n  missing distinct     Info     Mean      Gmd      .05      .10      .25 
  200408        0    23854    0.622     5112     9267        0        0        0 
     .50      .75      .90      .95 
       0     1310    11700    23400 

lowest :       0.00       0.01       0.11       0.50       1.17
highest: 1138731.99 1181888.86 1277479.71 1294020.00 1538984.66
-----------------------------------------------------------------------------------
cextraccion_autoservicio 
       n  missing distinct     Info     Mean      Gmd      .05      .10      .25 
  200408        0       55    0.905    3.296    4.435        0        0        0 
     .50      .75      .90      .95 
       1        6       10       12 

lowest :  0  1  2  3  4, highest: 53 56 57 66 68
-----------------------------------------------------------------------------------
mextraccion_autoservicio 
       n  missing distinct     Info     Mean      Gmd      .05      .10      .25 
  200408        0     1066    0.906     8187    11467        0        0        0 
     .50      .75      .90      .95 
    2223    12870    24570    32760 

lowest :      0.0     58.5    117.0    234.0    292.5
highest: 210600.0 215163.0 241020.0 260325.0 264420.0
-----------------------------------------------------------------------------------
ccheques_depositados 
       n  missing distinct     Info     Mean      Gmd      .05      .10      .25 
  200408        0       76    0.275   0.3198   0.6084        0        0        0 
     .50      .75      .90      .95 
       0        0        1        2 

lowest :   0   1   2   3   4, highest: 118 142 168 186 228
-----------------------------------------------------------------------------------
mcheques_depositados 
       n  missing distinct     Info     Mean      Gmd      .05      .10      .25 
  200408        0    14275    0.275     5783    11214      0.0      0.0      0.0 
     .50      .75      .90      .95 
     0.0      0.0    980.7  20243.3 

lowest :        0.00       25.59       36.85       64.50       96.64
highest:  3533128.34  3545020.83  4024533.54 10440354.70 15131610.00
-----------------------------------------------------------------------------------
ccheques_emitidos 
       n  missing distinct     Info     Mean      Gmd      .05      .10      .25 
  200408        0       94    0.191   0.3303   0.6419        0        0        0 
     .50      .75      .90      .95 
       0        0        0        1 

lowest :   0   1   2   3   4, highest: 126 141 158 203 211
-----------------------------------------------------------------------------------
mcheques_emitidos 
       n  missing distinct     Info     Mean      Gmd      .05      .10      .25 
  200408        0     9587    0.191     4181     8215        0        0        0 
     .50      .75      .90      .95 
       0        0        0     6344 

lowest :       0.00      55.38      74.50      88.92     168.12
highest: 4561969.85 5125440.59 5706611.34 6389793.91 6959941.56
-----------------------------------------------------------------------------------
ccheques_depositados_rechazados 
       n  missing distinct     Info     Mean      Gmd      .05      .10      .25 
  200408        0       14    0.021 0.009396  0.01869        0        0        0 
     .50      .75      .90      .95 
       0        0        0        0 
                                                                                
Value           0      1      2      3      4      5      6      7      8      9
Frequency  199006   1146    172     41     16      8      9      4      1      1
Proportion  0.993  0.006  0.001  0.000  0.000  0.000  0.000  0.000  0.000  0.000
                                      
Value          10     12     16     29
Frequency       1      1      1      1
Proportion  0.000  0.000  0.000  0.000
-----------------------------------------------------------------------------------
mcheques_depositados_rechazados 
       n  missing distinct     Info     Mean      Gmd      .05      .10      .25 
  200408        0      876    0.021    193.7    386.5        0        0        0 
     .50      .75      .90      .95 
       0        0        0        0 

lowest :       0.00     170.21     235.68     292.50     301.86
highest:  621855.00  662220.00  819032.58  995224.46 1214440.57
-----------------------------------------------------------------------------------
ccheques_emitidos_rechazados 
       n  missing distinct     Info     Mean      Gmd      .05      .10      .25 
  200408        0       27    0.016  0.01097  0.02188        0        0        0 
     .50      .75      .90      .95 
       0        0        0        0 

lowest :  0  1  2  3  4, highest: 30 34 36 37 75
-----------------------------------------------------------------------------------
mcheques_emitidos_rechazados 
       n  missing distinct     Info     Mean      Gmd      .05      .10      .25 
  200408        0      727    0.016      184    367.4        0        0        0 
     .50      .75      .90      .95 
       0        0        0        0 

lowest :       0.00     180.26     286.65     351.00     468.00
highest:  702000.00  953316.00 1088520.03 1472144.47 1984320.00
-----------------------------------------------------------------------------------
tcallcenter 
       n  missing distinct     Info      Sum     Mean      Gmd 
  200408        0        2    0.423    34004   0.1697   0.2818 

-----------------------------------------------------------------------------------
ccallcenter_transacciones 
       n  missing distinct     Info     Mean      Gmd      .05      .10      .25 
  200408        0       65    0.427   0.7096    1.292        0        0        0 
     .50      .75      .90      .95 
       0        0        2        5 

lowest :  0  1  2  3  4, highest: 69 74 79 80 91
-----------------------------------------------------------------------------------
thomebanking 
       n  missing distinct     Info      Sum     Mean      Gmd 
  200408        0        2    0.399   168768   0.8421   0.2659 

-----------------------------------------------------------------------------------
chomebanking_transacciones 
       n  missing distinct     Info     Mean      Gmd      .05      .10      .25 
  200408        0      824    0.996    65.17    74.33        0        0       10 
     .50      .75      .90      .95 
      42       92      156      209 

lowest :    0    1    2    3    4, highest: 1946 2020 2728 2742 2771
-----------------------------------------------------------------------------------
tautoservicio 
       n  missing distinct     Info     Mean      Gmd 
  200408        0        1        0        0        0 
                 
Value           0
Frequency  200408
Proportion      1
-----------------------------------------------------------------------------------
cautoservicio_transacciones 
       n  missing distinct     Info     Mean      Gmd 
  200408        0        1        0        0        0 
                 
Value           0
Frequency  200408
Proportion      1
-----------------------------------------------------------------------------------
tcajas 
       n  missing distinct     Info      Sum     Mean      Gmd 
  200408        0        2    0.682    70032   0.3494   0.4547 

-----------------------------------------------------------------------------------
tcajas_consultas 
       n  missing distinct     Info     Mean      Gmd 
  200408        0        1        0        0        0 
                 
Value           0
Frequency  200408
Proportion      1
-----------------------------------------------------------------------------------
tcajas_depositos 
       n  missing distinct     Info     Mean      Gmd      .05      .10      .25 
  200408        0       40    0.442   0.3069   0.5411        0        0        0 
     .50      .75      .90      .95 
       0        0        1        2 

lowest :   0   1   2   3   4, highest:  47  60  62  87 107
-----------------------------------------------------------------------------------
tcajas_extracciones 
       n  missing distinct     Info     Mean      Gmd      .05      .10      .25 
  200408        0       33    0.503   0.3757   0.6467        0        0        0 
     .50      .75      .90      .95 
       0        0        1        2 

lowest :   0   1   2   3   4, highest:  37  66  75  78 151
-----------------------------------------------------------------------------------
tcajas_otras 
       n  missing distinct     Info     Mean      Gmd      .05      .10      .25 
  200408        0       20     0.14   0.0842   0.1625        0        0        0 
     .50      .75      .90      .95 
       0        0        0        0 
                                                                                
Value           0      1      2      3      4      5      6      7      8      9
Frequency  190550   5333   3330    640    331    110     57     21     11      7
Proportion  0.951  0.027  0.017  0.003  0.002  0.001  0.000  0.000  0.000  0.000
                                                                                
Value          10     11     12     13     14     20     24     27     38    194
Frequency       6      2      3      1      1      1      1      1      1      1
Proportion  0.000  0.000  0.000  0.000  0.000  0.000  0.000  0.000  0.000  0.000
-----------------------------------------------------------------------------------
ccajeros_propio_transacciones 
       n  missing distinct     Info     Mean      Gmd      .05      .10      .25 
  200408        0       51    0.849    2.102    3.077        0        0        0 
     .50      .75      .90      .95 
       0        3        7        9 

lowest :  0  1  2  3  4, highest: 49 51 52 54 68
-----------------------------------------------------------------------------------
mcajeros_propio 
       n  missing distinct     Info     Mean      Gmd      .05      .10      .25 
  200408        0     1201    0.851     5959     9089        0        0        0 
     .50      .75      .90      .95 
       0     7605    19305    28080 

lowest :      0.0     58.5    117.0    175.5    234.0
highest: 210132.0 210600.0 241020.0 260325.0 264420.0
-----------------------------------------------------------------------------------
ccajeros_ajenos_transacciones 
       n  missing distinct     Info     Mean      Gmd      .05      .10      .25 
  200408        0       43    0.728    1.275    2.039        0        0        0 
     .50      .75      .90      .95 
       0        1        4        7 

lowest :  0  1  2  3  4, highest: 38 39 41 42 47
-----------------------------------------------------------------------------------
mcajeros_ajenos 
       n  missing distinct     Info     Mean      Gmd      .05      .10      .25 
  200408        0      574     0.73     2432     3959        0        0        0 
     .50      .75      .90      .95 
       0     2808     8190    12870 

lowest :     0.0    58.5   117.0   175.5   234.0, highest: 71370.0 73710.0 77220.0 84240.0 92430.0
-----------------------------------------------------------------------------------
tmovimientos_ultimos90dias 
       n  missing distinct     Info     Mean      Gmd      .05      .10      .25 
  200408        0      765        1    107.8    79.13       14       26       55 
     .50      .75      .90      .95 
      96      143      198      242 

lowest :    0    1    2    3    4, highest: 1391 1473 1511 1586 1653
-----------------------------------------------------------------------------------
Master_marca_atraso 
       n  missing distinct     Info      Sum     Mean      Gmd 
  180813    19595        2    0.019     1166 0.006449  0.01281 

-----------------------------------------------------------------------------------
Master_cuenta_estado 
       n  missing distinct     Info     Mean      Gmd 
  180813    19595        4     0.01    10.01  0.02196 
                                      
Value          10     11     12     19
Frequency  180238    218    206    151
Proportion  0.997  0.001  0.001  0.001
-----------------------------------------------------------------------------------
Master_mfinanciacion_limite 
       n  missing distinct     Info     Mean      Gmd      .05      .10      .25 
  180813    19595      142    0.992    64165    62545    11056    15795    18954 
     .50      .75      .90      .95 
   25272    88054   148001   206391 
                                                                                  
Value            0   50000  100000  150000  200000  250000  300000  350000  400000
Frequency    69899   39146   45922   10185    8349    6759     401      83      34
Proportion   0.387   0.216   0.254   0.056   0.046   0.037   0.002   0.000   0.000
                                                                  
Value       450000  500000  550000  800000  900000 1850000 3650000
Frequency       17       2       9       4       1       1       1
Proportion   0.000   0.000   0.000   0.000   0.000   0.000   0.000
-----------------------------------------------------------------------------------
Master_Fvencimiento 
       n  missing distinct     Info     Mean      Gmd      .05      .10      .25 
  180813    19595      146    0.999     -977    884.9    -2159    -2129    -1945 
     .50      .75      .90      .95 
    -576     -333     -150      -89 
                            
Value      -2900000        0
Frequency         1   180812
Proportion        0        1
-----------------------------------------------------------------------------------
Master_Finiciomora 
       n  missing distinct     Info     Mean      Gmd      .05      .10      .25 
    1166   199242       20    0.935    21.71    19.38        4        4        9 
     .50      .75      .90      .95 
      17       25       53       60 
                                                                                  
Value          2     4     9    11    13    17    20    25    32    37    39    51
Frequency     25   266    11    70    32   433     4   105     9     1    15     4
Proportion 0.021 0.228 0.009 0.060 0.027 0.371 0.003 0.090 0.008 0.001 0.013 0.003
                                                          
Value         53    58    60    67    73    76    80    86
Frequency    117     1    16     1     4     3    47     2
Proportion 0.100 0.001 0.014 0.001 0.003 0.003 0.040 0.002
-----------------------------------------------------------------------------------
Master_msaldototal 
       n  missing distinct     Info     Mean      Gmd      .05      .10      .25 
  180813    19595    92213    0.918     5014     8496      0.0      0.0      0.0 
     .50      .75      .90      .95 
   186.2   4052.1  13211.7  23420.8 

lowest : -242869.9 -205193.4 -113510.9 -106009.7  -93409.0
highest:  357886.6  401986.3  408143.7  417619.3  426308.3
-----------------------------------------------------------------------------------
Master_msaldopesos 
       n  missing distinct     Info     Mean      Gmd      .05      .10      .25 
  180813    19595    90684    0.913     4583     7800      0.0      0.0      0.0 
     .50      .75      .90      .95 
   135.7   3712.2  11887.8  21263.8 

lowest : -242869.9 -205193.4 -113510.9 -106009.7  -93409.0
highest:  324051.8  357793.3  367039.6  401986.3  408143.7
-----------------------------------------------------------------------------------
Master_msaldodolares 
       n  missing distinct     Info     Mean      Gmd      .05      .10      .25 
  180813    19595     9774    0.261    431.1      877      0.0      0.0      0.0 
     .50      .75      .90      .95 
     0.0      0.0      0.0    284.9 

lowest : -82156.30 -53141.91 -48997.41 -40290.50 -39684.84
highest: 205615.20 231523.22 233436.73 265684.52 288477.82
-----------------------------------------------------------------------------------
Master_mconsumospesos 
       n  missing distinct     Info     Mean      Gmd      .05      .10      .25 
  102983    97425    49814    0.951     3038     4811      0.0      0.0      0.0 
     .50      .75      .90      .95 
   452.8   2955.2   8186.8  13611.6 

lowest : -31062.29 -25053.70 -17685.72 -12409.16 -11263.68
highest: 245117.00 263948.43 288477.82 294071.70 379574.03
-----------------------------------------------------------------------------------
Master_mconsumosdolares 
       n  missing distinct     Info     Mean      Gmd      .05      .10      .25 
  102983    97425     8055    0.412    49.35    95.38     0.00     0.00     0.00 
     .50      .75      .90      .95 
    0.00     0.00    14.02   161.47 

lowest :     0.00     0.01     0.05     0.09     0.16
highest: 12942.10 14569.77 15255.45 16640.69 18339.34
-----------------------------------------------------------------------------------
Master_mlimitecompra 
       n  missing distinct     Info     Mean      Gmd      .05      .10      .25 
  180813    19595      110    0.992    71347    69376    12285    17550    21060 
     .50      .75      .90      .95 
   28080    97838   164446   229332 

lowest :    982.8   1228.5   1474.2   1719.9   1965.6
highest: 593807.8 594923.9 883396.8 894516.5 897998.4
-----------------------------------------------------------------------------------
Master_madelantopesos 
       n  missing distinct     Info     Mean      Gmd      .05      .10      .25 
  102983    97425      159     0.03    54.89    109.2        0        0        0 
     .50      .75      .90      .95 
       0        0        0        0 

lowest :     0.00   117.00   227.49   234.00   351.00
highest: 17171.16 17363.52 17433.00 17550.00 49137.27
-----------------------------------------------------------------------------------
Master_madelantodolares 
       n  missing distinct     Info     Mean      Gmd      .05      .10      .25 
  102983    97425       70    0.002   0.2503   0.5004        0        0        0 
     .50      .75      .90      .95 
       0        0        0        0 

lowest :    0.00   14.22   25.63   29.89   37.32, highest: 1074.06 1076.98 1078.04 1103.84 3084.96
-----------------------------------------------------------------------------------
Master_fultimo_cierre 
       n  missing distinct     Info     Mean      Gmd      .05      .10      .25 
  180728    19680       82    0.678    7.323    6.982        3        3        3 
     .50      .75      .90      .95 
       3       10       10       25 

lowest :    3   10   17   25   31, highest: 3335 3349 3412 3447 3461
-----------------------------------------------------------------------------------
Master_mpagado 
       n  missing distinct     Info     Mean      Gmd      .05      .10      .25 
  180813    19595     9847    0.196    480.1    933.4        0        0        0 
     .50      .75      .90      .95 
       0        0        0     1588 

lowest :      0.00      0.01      0.03      0.08      0.10
highest: 160228.25 160290.00 163846.80 223224.32 233531.69
-----------------------------------------------------------------------------------
Master_mpagospesos 
       n  missing distinct     Info     Mean      Gmd      .05      .10      .25 
  102983    97425    72946        1    -5931     7606 -21753.9 -14383.2  -6967.0 
     .50      .75      .90      .95 
 -2784.6   -839.5   -135.0      0.0 

lowest : -441093.55 -294930.65 -279588.40 -274145.36 -270387.00
highest:      -0.01       0.00     301.48     352.35    3948.71
-----------------------------------------------------------------------------------
Master_mpagosdolares 
       n  missing distinct     Info     Mean      Gmd      .05      .10      .25 
  102983    97425     7560    0.348    42.31    82.14     0.00     0.00     0.00 
     .50      .75      .90      .95 
    0.00     0.00    11.85   115.24 

lowest :     0.00     0.01     0.02     0.03     0.04
highest:  9945.00 10568.71 13651.23 16913.73 17017.13
-----------------------------------------------------------------------------------
Master_fechaalta 
       n  missing distinct     Info     Mean      Gmd      .05      .10      .25 
  180813    19595     3806        1     2211     1743      170      333      895 
     .50      .75      .90      .95 
    2021     3285     4261     5555 

lowest :    3    4    5    6    9, highest: 6011 6012 6032 6036 6051
-----------------------------------------------------------------------------------
Master_mconsumototal 
       n  missing distinct     Info     Mean      Gmd      .05      .10      .25 
  102983    97425    49814    0.951     3038     4811      0.0      0.0      0.0 
     .50      .75      .90      .95 
   452.8   2955.2   8186.8  13611.6 

lowest : -31062.29 -25053.70 -17685.72 -12409.16 -11263.68
highest: 245117.00 263948.43 288477.82 294071.70 379574.03
-----------------------------------------------------------------------------------
Master_tconsumos 
       n  missing distinct     Info     Mean      Gmd      .05      .10      .25 
  102983    97425       76     0.94    2.731    3.784        0        0        0 
     .50      .75      .90      .95 
       1        3        7       11 

lowest :   0   1   2   3   4, highest:  82  83  86 105 112
-----------------------------------------------------------------------------------
Master_tadelantosefectivo 
       n  missing distinct     Info     Mean      Gmd      .05      .10      .25 
  102983    97425       12     0.03  0.03098  0.06158        0        0        0 
     .50      .75      .90      .95 
       0        0        0        0 
                                                                                
Value           0      1      2      3      4      5      6      7      8      9
Frequency  101956    315    274    146     64     48     38     30     70     28
Proportion  0.990  0.003  0.003  0.001  0.001  0.000  0.000  0.000  0.001  0.000
                        
Value          10     11
Frequency      11      3
Proportion  0.000  0.000
-----------------------------------------------------------------------------------
Master_mpagominimo 
       n  missing distinct     Info     Mean      Gmd      .05      .10      .25 
  180813    19595     2415    0.866    692.7     1220      0.0      0.0      0.0 
     .50      .75      .90      .95 
     0.0    362.7   1287.0   2960.1 

lowest :      0.00      0.01      0.17      0.18      0.36
highest: 219339.90 230092.20 263928.60 279501.30 408142.80
-----------------------------------------------------------------------------------
Visa_marca_atraso 
       n  missing distinct     Info      Sum     Mean      Gmd 
  196464     3944        2    0.022     1424 0.007248  0.01439 

-----------------------------------------------------------------------------------
Visa_cuenta_estado 
       n  missing distinct     Info     Mean      Gmd 
  196464     3944        4     0.01    10.01  0.02285 
                                      
Value          10     11     12     19
Frequency  195812    238    245    169
Proportion  0.997  0.001  0.001  0.001
-----------------------------------------------------------------------------------
Visa_mfinanciacion_limite 
       n  missing distinct     Info     Mean      Gmd      .05      .10      .25 
  196464     3944      196    0.995    74967    72067    15795    18954    22113 
     .50      .75      .90      .95 
   37908   116461   176909   227751 

lowest :       0.00     335.79     420.03     504.27     589.68
highest: 3228825.60 3666809.40 4095000.00 4680000.00 5850000.00
-----------------------------------------------------------------------------------
Visa_Fvencimiento 
       n  missing distinct     Info     Mean      Gmd      .05      .10      .25 
  196464     3944      167        1   -15579    29102    -2799    -2737    -2402 
     .50      .75      .90      .95 
   -1856     -484     -272     -150 
                            
Value      -2900000        0
Frequency       949   195515
Proportion    0.005    0.995
-----------------------------------------------------------------------------------
Visa_Finiciomora 
       n  missing distinct     Info     Mean      Gmd      .05      .10      .25 
    1424   198984       20    0.912     29.5    19.92       12       12       18 
     .50      .75      .90      .95 
      18       40       61       81 
                                                                                  
Value         10    12    16    17    18    20    26    38    40    52    54    59
Frequency     24   137    46    38   622    12   182     2    29    12   166     2
Proportion 0.017 0.096 0.032 0.027 0.437 0.008 0.128 0.001 0.020 0.008 0.117 0.001
                                                          
Value         61    72    74    79    81    89   145   170
Frequency     38     2     9     3    97     1     1     1
Proportion 0.027 0.001 0.006 0.002 0.068 0.001 0.001 0.001
-----------------------------------------------------------------------------------
Visa_msaldototal 
       n  missing distinct     Info     Mean      Gmd      .05      .10      .25 
  196464     3944   172708        1    12405    15221      0.0    118.2   2419.1 
     .50      .75      .90      .95 
  6612.1  14689.7  28018.6  42317.8 

lowest : -125066.02  -89686.91  -54094.38  -51317.02  -49845.49
highest:  561187.53  609683.73  749751.90  856242.30 1275639.66
-----------------------------------------------------------------------------------
Visa_msaldopesos 
       n  missing distinct     Info     Mean      Gmd      .05      .10      .25 
  196464     3944   171656    0.999    13371    16404        0      117     2641 
     .50      .75      .90      .95 
    7215    15815    30041    44575 

lowest : -189534.3 -146327.2 -128317.2 -104933.7 -104120.9
highest:  656589.4  688058.7  877209.7 1001803.5 1492498.4
-----------------------------------------------------------------------------------
Visa_msaldodolares 
       n  missing distinct     Info     Mean      Gmd      .05      .10      .25 
  196464     3944    24017    0.611     1145     2218     0.00     0.00     0.00 
     .50      .75      .90      .95 
    0.00    56.46   931.78  5276.86 

lowest : -64463.13 -53692.41 -47011.14 -46948.47 -37858.52
highest: 224969.50 225505.61 247735.21 307521.89 398269.87
-----------------------------------------------------------------------------------
Visa_mconsumospesos 
       n  missing distinct     Info     Mean      Gmd      .05      .10      .25 
  181960    18448   139511    0.999     6673     8745        0        0      709 
     .50      .75      .90      .95 
    3059     8068    16626    24806 

lowest : -18731.91 -17842.50 -15498.14 -14102.67 -13404.15
highest: 291383.55 308968.87 323499.84 402068.54 617057.14
-----------------------------------------------------------------------------------
Visa_mconsumosdolares 
       n  missing distinct     Info     Mean      Gmd      .05      .10      .25 
  181960    18448    21974    0.774    82.06    153.7     0.00     0.00     0.00 
     .50      .75      .90      .95 
    0.00    11.68    97.69   399.20 

lowest :     0.00     0.01     0.02     0.03     0.04
highest: 14301.93 14436.19 15553.44 19253.99 25016.31
-----------------------------------------------------------------------------------
Visa_mlimitecompra 
       n  missing distinct     Info     Mean      Gmd      .05      .10      .25 
  196464     3944      126    0.994    83275    79774    17550    21060    24570 
     .50      .75      .90      .95 
   42120   129418   196570   253056 

lowest :     672.75     840.93     982.80    1009.12    1177.31
highest: 2306304.00 2767564.80 3228825.60 4095000.00 4680000.00
-----------------------------------------------------------------------------------
Visa_madelantopesos 
       n  missing distinct     Info     Mean      Gmd      .05      .10      .25 
  181960    18448      496    0.031    53.27      106        0        0        0 
     .50      .75      .90      .95 
       0        0        0        0 

lowest :  -610.31     0.00   117.00   169.57   196.18
highest: 24570.00 28655.18 29546.06 34050.74 35100.00
-----------------------------------------------------------------------------------
Visa_madelantodolares 
       n  missing distinct     Info     Mean      Gmd      .05      .10      .25 
  181960    18448      383    0.007   0.7185    1.435        0        0        0 
     .50      .75      .90      .95 
       0        0        0        0 

lowest :    0.00   10.64   12.47   17.23   18.39, highest: 1129.13 1182.87 1521.00 1821.69 1854.97
-----------------------------------------------------------------------------------
Visa_fultimo_cierre 
       n  missing distinct     Info     Mean      Gmd      .05      .10      .25 
  196405     4003       60    0.709     7.41    6.883        3        3        3 
     .50      .75      .90      .95 
       3       10       10       25 

lowest :    3   10   25   31   38, highest: 3230 3237 3258 3321 3384
-----------------------------------------------------------------------------------
Visa_mpagado 
       n  missing distinct     Info     Mean      Gmd      .05      .10      .25 
  196464     3944    14386    0.258     1157     2210        0        0        0 
     .50      .75      .90      .95 
       0        0        0     7096 

lowest :      0.00      0.18      1.41      2.34      2.74
highest: 230605.45 252720.00 259034.19 281502.00 462754.83
-----------------------------------------------------------------------------------
Visa_mpagospesos 
       n  missing distinct     Info     Mean      Gmd      .05      .10      .25 
  181960    18448   143384        1   -12079    13230 -38718.8 -27150.2 -14987.7 
     .50      .75      .90      .95 
 -7435.6  -3242.3  -1023.8   -264.1 

lowest : -1274130.00  -508950.00  -415511.16  -403550.03  -371511.67
highest:       -0.01        0.00      386.10     8200.12    12204.64
-----------------------------------------------------------------------------------
Visa_mpagosdolares 
       n  missing distinct     Info     Mean      Gmd      .05      .10      .25 
  181960    18448    18649    0.549     75.2    143.2      0.0      0.0      0.0 
     .50      .75      .90      .95 
     0.0      0.0     54.1    347.9 

lowest :     0.00     0.01     0.02     0.03     0.04
highest: 13492.63 13666.22 14145.19 14504.70 20943.00
-----------------------------------------------------------------------------------
Visa_fechaalta 
       n  missing distinct     Info     Mean      Gmd      .05      .10      .25 
  196464     3944     5860        1     2801     2162      228      431     1217 
     .50      .75      .90      .95 
    2589     3924     5766     6851 

lowest :     3     4     5     6     9, highest: 10954 10960 10966 10979 11077
-----------------------------------------------------------------------------------
Visa_mconsumototal 
       n  missing distinct     Info     Mean      Gmd      .05      .10      .25 
  181960    18448   139511    0.999     6673     8745        0        0      709 
     .50      .75      .90      .95 
    3059     8068    16626    24806 

lowest : -18731.91 -17842.50 -15498.14 -14102.67 -13404.15
highest: 291383.55 308968.87 323499.84 402068.54 617057.14
-----------------------------------------------------------------------------------
Visa_tconsumos 
       n  missing distinct     Info     Mean      Gmd      .05      .10      .25 
  181960    18448      131    0.995    7.957    8.685        0        1        2 
     .50      .75      .90      .95 
       5       10       19       26 

lowest :   0   1   2   3   4, highest: 154 158 163 219 220
-----------------------------------------------------------------------------------
Visa_tadelantosefectivo 
       n  missing distinct     Info     Mean      Gmd      .05      .10      .25 
  181960    18448       16    0.031  0.02758  0.05482        0        0        0 
     .50      .75      .90      .95 
       0        0        0        0 
                                                                                
Value           0      1      2      3      4      5      6      7      8      9
Frequency  180085    722    453    279    151     59     65     39     36     46
Proportion  0.990  0.004  0.002  0.002  0.001  0.000  0.000  0.000  0.000  0.000
                                                    
Value          10     11     12     13     14     15
Frequency       8      5      5      4      2      1
Proportion  0.000  0.000  0.000  0.000  0.000  0.000
-----------------------------------------------------------------------------------
Visa_mpagominimo 
       n  missing distinct     Info     Mean      Gmd      .05      .10      .25 
  196464     3944     3645    0.998     1774     2611      0.0      0.0    187.2 
     .50      .75      .90      .95 
   585.0   1368.9   3837.6   7441.2 

lowest :       0.00       0.01       0.17       0.18       0.19
highest:  337322.70  358125.30  451935.90  649316.07 1001800.80
-----------------------------------------------------------------------------------
clase_ternaria 
       n  missing distinct 
  200408        0        3 
                                     
Value        BAJA+1   BAJA+2 CONTINUA
Frequency       875      689   198844
Proportion    0.004    0.003    0.992
-----------------------------------------------------------------------------------
clase_binaria 
       n  missing distinct 
  200408        0        2 
                        
Value           0      1
Frequency  198844   1564
Proportion  0.992  0.008
-----------------------------------------------------------------------------------
