dataset 

 170  Variables      2000  Observations
----------------------------------------------------------------------------------------------------------------------------------------------
foto_mes 
       n  missing distinct     Info     Mean      Gmd 
    2000        0        1        0   201602        0 
                 
Value      201602
Frequency    2000
Proportion      1
----------------------------------------------------------------------------------------------------------------------------------------------
marketing_activo_ultimos90dias 
       n  missing distinct     Info      Sum     Mean      Gmd 
    2000        0        2    0.015     1990    0.995 0.009955 

----------------------------------------------------------------------------------------------------------------------------------------------
cliente_vip 
       n  missing distinct     Info      Sum     Mean      Gmd 
    2000        0        2    0.066       45   0.0225  0.04401 

----------------------------------------------------------------------------------------------------------------------------------------------
internet 
       n  missing distinct     Info     Mean      Gmd      .05      .10      .25      .50      .75      .90      .95 
    2000        0       72    0.994    10.82    11.91        0        0        2        8       15       24       32 

lowest :   0   1   2   3   4, highest: 108 114 115 123 142
----------------------------------------------------------------------------------------------------------------------------------------------
cliente_edad 
       n  missing distinct     Info     Mean      Gmd      .05      .10      .25      .50      .75      .90      .95 
    2000        0       58    0.999     54.6    12.13       39       41       46       54       62       69       73 

lowest : 31 33 34 35 36, highest: 85 86 87 90 95
----------------------------------------------------------------------------------------------------------------------------------------------
cliente_antiguedad 
       n  missing distinct     Info     Mean      Gmd      .05      .10      .25      .50      .75      .90      .95 
    2000        0      208    0.987    201.2    79.97       45       73      154      220      261      261      314 

lowest :   1   3   4   5   6, highest: 258 259 260 261 314
----------------------------------------------------------------------------------------------------------------------------------------------
mrentabilidad 
       n  missing distinct     Info     Mean      Gmd      .05      .10      .25      .50      .75      .90      .95 
    2000        0     1991        1     1804     1883    187.0    362.7    648.6   1113.6   1971.4   3798.7   5437.3 

lowest : -1375.20 -1201.23 -1192.44 -1128.03 -1106.17, highest: 26210.83 26291.24 26586.45 26722.26 34319.68
----------------------------------------------------------------------------------------------------------------------------------------------
mrentabilidad_annual 
       n  missing distinct     Info     Mean      Gmd      .05      .10      .25      .50      .75      .90      .95 
    2000        0     1783    0.999    16078    16147        0        0     6459    11598    19086    32549    44866 

lowest :  -8028.93  -2029.62  -2015.61  -1346.51  -1063.58, highest: 212590.46 239491.25 285342.91 331417.61 358584.70
----------------------------------------------------------------------------------------------------------------------------------------------
mcomisiones 
       n  missing distinct     Info     Mean      Gmd      .05      .10      .25      .50      .75      .90      .95 
    2000        0     1946        1      645      526    90.46   172.78   318.24   507.38   774.48  1180.18  1577.50 

lowest :  -609.13   -80.83   -76.65   -30.88   -24.61, highest:  4802.37  4913.32  5124.10  5816.84 20380.24
----------------------------------------------------------------------------------------------------------------------------------------------
mactivos_margen 
       n  missing distinct     Info     Mean      Gmd      .05      .10      .25      .50      .75      .90      .95 
    2000        0     1925        1   -59.78    512.8  -914.43  -550.29  -219.31   -24.30    98.59   363.91   631.16 

lowest : -5205.66 -3708.05 -3173.24 -3158.16 -3092.32, highest:  3135.77  3349.27  4091.98  4135.83  6904.67
----------------------------------------------------------------------------------------------------------------------------------------------
mpasivos_margen 
       n  missing distinct     Info     Mean      Gmd      .05      .10      .25      .50      .75      .90      .95 
    2000        0     1977        1     1050     1371    21.92    55.17   177.25   460.52  1056.40  2435.08  3896.70 

lowest :  -257.02   -68.67   -10.11    -3.64     0.00, highest: 20707.22 21656.91 21779.75 22402.42 28697.84
----------------------------------------------------------------------------------------------------------------------------------------------
marketing_coss_selling 
       n  missing distinct     Info     Mean      Gmd      .05      .10      .25      .50      .75      .90      .95 
    2000        0       14    0.974    9.543    2.205        7        7        8        9       11       12       13 
                                                                                              
Value          4     5     6     7     8     9    10    11    12    13    14    15    16    17
Frequency      3    13    72   189   340   464   351   244   170    73    53    17     9     2
Proportion 0.002 0.006 0.036 0.094 0.170 0.232 0.176 0.122 0.085 0.036 0.026 0.008 0.004 0.001
----------------------------------------------------------------------------------------------------------------------------------------------
tpaquete1 
       n  missing distinct     Info     Mean      Gmd 
    2000        0        1        0        1        0 
               
Value         1
Frequency  2000
Proportion    1
----------------------------------------------------------------------------------------------------------------------------------------------
tpaquete2 
       n  missing distinct     Info     Mean      Gmd 
    2000        0        1        0        0        0 
               
Value         0
Frequency  2000
Proportion    1
----------------------------------------------------------------------------------------------------------------------------------------------
tpaquete3 
       n  missing distinct     Info     Mean      Gmd 
    2000        0        1        0        0        0 
               
Value         0
Frequency  2000
Proportion    1
----------------------------------------------------------------------------------------------------------------------------------------------
tpaquete4 
       n  missing distinct     Info     Mean      Gmd 
    2000        0        1        0        0        0 
               
Value         0
Frequency  2000
Proportion    1
----------------------------------------------------------------------------------------------------------------------------------------------
tpaquete5 
       n  missing distinct     Info     Mean      Gmd 
    2000        0        1        0        0        0 
               
Value         0
Frequency  2000
Proportion    1
----------------------------------------------------------------------------------------------------------------------------------------------
tpaquete6 
       n  missing distinct     Info     Mean      Gmd 
    2000        0        1        0        0        0 
               
Value         0
Frequency  2000
Proportion    1
----------------------------------------------------------------------------------------------------------------------------------------------
tpaquete7 
       n  missing distinct     Info      Sum     Mean      Gmd 
    2000        0        2    0.034       23   0.0115  0.02275 

----------------------------------------------------------------------------------------------------------------------------------------------
tpaquete8 
       n  missing distinct     Info     Mean      Gmd 
    2000        0        1        0        0        0 
               
Value         0
Frequency  2000
Proportion    1
----------------------------------------------------------------------------------------------------------------------------------------------
tpaquete9 
       n  missing distinct     Info      Sum     Mean      Gmd 
    2000        0        2    0.043       29   0.0145  0.02859 

----------------------------------------------------------------------------------------------------------------------------------------------
tcuentas 
       n  missing distinct     Info     Mean      Gmd 
    2000        0        2    0.006    1.002 0.003994 
                      
Value          1     2
Frequency   1996     4
Proportion 0.998 0.002
----------------------------------------------------------------------------------------------------------------------------------------------
tcuenta_corriente 
       n  missing distinct     Info     Mean      Gmd 
    2000        0        3    0.075    1.026  0.05172 
                            
Value          1     2     3
Frequency   1949    49     2
Proportion 0.974 0.024 0.001
----------------------------------------------------------------------------------------------------------------------------------------------
mcuenta_corriente_Nopaquete 
       n  missing distinct     Info     Mean      Gmd 
    2000        0        5    0.006    1.647    3.872 
                                                  
Value      -289.53    0.00    8.03  558.90 3016.14
Frequency        1    1996       1       1       1
Proportion   0.000   0.998   0.000   0.000   0.000
----------------------------------------------------------------------------------------------------------------------------------------------
mcuenta_corriente_Paquete 
       n  missing distinct     Info     Mean      Gmd      .05      .10      .25      .50      .75      .90      .95 
    2000        0      942    0.852     1685     6439  -3515.5  -1702.1   -225.1      0.0      0.0      0.0   3552.5 

lowest : -527679.79  -20532.06  -20289.98  -16099.52  -14124.29, highest:  219984.47  418549.79  477807.63  510791.29  692682.16
----------------------------------------------------------------------------------------------------------------------------------------------
mcuenta_corriente_dolares 
       n  missing distinct     Info     Mean      Gmd 
    2000        0        1        0        0        0 
               
Value         0
Frequency  2000
Proportion    1
----------------------------------------------------------------------------------------------------------------------------------------------
tcaja_ahorro 
       n  missing distinct     Info     Mean      Gmd 
    2000        0        5    0.252    2.138   0.2551 
                                        
Value          2     3     4     5     6
Frequency   1815   109    65     8     3
Proportion 0.908 0.054 0.032 0.004 0.002
----------------------------------------------------------------------------------------------------------------------------------------------
mcaja_ahorro_Paquete 
        n   missing  distinct      Info      Mean       Gmd       .05       .10       .25       .50       .75       .90       .95 
     2000         0      1865         1     25502     36642      0.00     90.87   1953.36   8734.22  24338.17  62433.80 108176.38 

lowest :      0.00      0.02      0.52      0.53      0.70, highest: 438296.32 540478.80 575570.29 616993.01 756725.24
----------------------------------------------------------------------------------------------------------------------------------------------
mcaja_ahorro_Nopaquete 
       n  missing distinct     Info     Mean      Gmd      .05      .10      .25      .50      .75      .90      .95 
    2000        0       54    0.077    838.6     1670        0        0        0        0        0        0        0 
                                                                                                                                        
Value           0   2000   4000   6000   8000  10000  18000  20000  22000  26000  28000  30000  46000  56000  60000  92000  94000 102000
Frequency    1959      9      4      4      4      4      2      1      1      1      1      2      1      1      1      1      1      1
Proportion  0.980  0.004  0.002  0.002  0.002  0.002  0.001  0.000  0.000  0.000  0.000  0.001  0.000  0.000  0.000  0.000  0.000  0.000
                        
Value      160000 746000
Frequency       1      1
Proportion  0.000  0.000
----------------------------------------------------------------------------------------------------------------------------------------------
mcaja_ahorro_dolares 
       n  missing distinct     Info     Mean      Gmd      .05      .10      .25      .50      .75      .90      .95 
    2000        0      917     0.93    18678    34288     0.00     0.00     0.00     6.92  1714.13 39682.92 97849.58 

lowest :   -8301.34    -182.33       0.00       0.18       0.36, highest:  787839.14  815918.75  961976.67 1071688.64 1824790.02
----------------------------------------------------------------------------------------------------------------------------------------------
mdescubierto_preacordado 
       n  missing distinct     Info     Mean      Gmd 
    2000        0        2     0.05     1.15  0.03912 
                      
Value       0.00  1.17
Frequency     34  1966
Proportion 0.017 0.983
----------------------------------------------------------------------------------------------------------------------------------------------
mcuentas_saldo 
       n  missing distinct     Info     Mean      Gmd      .05      .10      .25      .50      .75      .90      .95 
    2000        0     1771    0.999    51537    79651      0.0      0.0    615.8  12416.8  47941.2 120126.7 209426.0 

lowest :  -24154.52  -21157.81  -17695.51  -15844.26   -9574.75, highest: 1068732.58 1208349.49 2556170.91 2995816.78 3188867.91
----------------------------------------------------------------------------------------------------------------------------------------------
ttarjeta_debito 
       n  missing distinct     Info     Mean      Gmd 
    2000        0        8    0.798    1.583   0.7145 
                                                          
Value          0     1     2     3     4     5     6     7
Frequency      5  1051   769   132    37     4     1     1
Proportion 0.002 0.526 0.384 0.066 0.018 0.002 0.000 0.000
----------------------------------------------------------------------------------------------------------------------------------------------
ctarjeta_debito_transacciones 
       n  missing distinct     Info     Mean      Gmd      .05      .10      .25      .50      .75      .90      .95 
    2000        0       54    0.931    6.187    8.752        0        0        0        2        9       19       27 

lowest :  0  1  2  3  4, highest: 54 55 79 86 99
----------------------------------------------------------------------------------------------------------------------------------------------
mautoservicio 
       n  missing distinct     Info     Mean      Gmd      .05      .10      .25      .50      .75      .90      .95 
    2000        0     1160    0.932     9406    16461      0.0      0.0      0.0    772.1   5031.2  13453.2  23884.9 

lowest :      0.00      0.11     11.70     23.40     26.57, highest: 385302.98 410686.66 440196.59 494084.56 837829.25
----------------------------------------------------------------------------------------------------------------------------------------------
ttarjeta_visa 
       n  missing distinct     Info     Mean      Gmd 
    2000        0        4     0.18     1.02   0.1246 
                                  
Value          0     1     2     3
Frequency     45  1872    82     1
Proportion 0.022 0.936 0.041 0.000
----------------------------------------------------------------------------------------------------------------------------------------------
ctarjeta_visa_transacciones 
       n  missing distinct     Info     Mean      Gmd      .05      .10      .25      .50      .75      .90      .95 
    2000        0      112    0.999    21.59    22.26      0.0      1.0      6.0     15.0     30.0     50.1     66.0 

lowest :   0   1   2   3   4, highest: 145 148 149 154 161
----------------------------------------------------------------------------------------------------------------------------------------------
mtarjeta_visa_consumo 
       n  missing distinct     Info     Mean      Gmd      .05      .10      .25      .50      .75      .90      .95 
    2000        0     1843        1    13331    15417      0.0    366.3   3071.2   7815.6  16073.4  30328.9  47509.7 

lowest :      0.00      9.31     20.18     27.82     46.69, highest: 159139.03 159811.22 203291.87 216428.33 243170.20
----------------------------------------------------------------------------------------------------------------------------------------------
ttarjeta_master 
       n  missing distinct     Info     Mean      Gmd 
    2000        0        3    0.301    0.923   0.2074 
                            
Value          0     1     2
Frequency    190  1774    36
Proportion 0.095 0.887 0.018
----------------------------------------------------------------------------------------------------------------------------------------------
ctarjeta_master_transacciones 
       n  missing distinct     Info     Mean      Gmd      .05      .10      .25      .50      .75      .90      .95 
    2000        0       57    0.891    5.048    7.634        0        0        0        1        6       15       22 

lowest :   0   1   2   3   4, highest:  68  73  95  98 101
----------------------------------------------------------------------------------------------------------------------------------------------
mtarjeta_master_consumo 
       n  missing distinct     Info     Mean      Gmd      .05      .10      .25      .50      .75      .90      .95 
    2000        0     1034    0.892     3833     6170      0.0      0.0      0.0    174.9   3827.6   9721.7  17010.0 

lowest :      0.00     11.68     11.70     23.37     25.15, highest: 100470.82 109089.39 130461.35 130644.22 184656.60
----------------------------------------------------------------------------------------------------------------------------------------------
cprestamos_personales 
       n  missing distinct     Info     Mean      Gmd      .05      .10      .25      .50      .75      .90      .95 
    2000        0       21    0.652   0.6975    1.167        0        0        0        0        1        2        3 

lowest :  0  1  2  3  4, highest: 17 18 21 24 44
----------------------------------------------------------------------------------------------------------------------------------------------
mprestamos_personales 
       n  missing distinct     Info     Mean      Gmd      .05      .10      .25      .50      .75      .90      .95 
    2000        0      599    0.658    15435    25853        0        0        0        0    11434    58773    84026 

lowest :      0.00    153.64    625.87    767.11    998.87, highest: 223175.81 269618.67 348795.38 370638.05 395019.38
----------------------------------------------------------------------------------------------------------------------------------------------
cprestamos_prendarios 
       n  missing distinct     Info     Mean      Gmd 
    2000        0        3    0.027   0.0095  0.01885 
                            
Value          0     1     2
Frequency   1982    17     1
Proportion 0.991 0.008 0.000
----------------------------------------------------------------------------------------------------------------------------------------------
mprestamos_prendarios 
       n  missing distinct     Info     Mean      Gmd      .05      .10      .25      .50      .75      .90      .95 
    2000        0       18    0.025    527.4     1050        0        0        0        0        0        0        0 
                                                                                                                                            
Value           0.00   5983.84  11112.07  13344.08  13787.47  15987.09  17236.79  26270.23  47782.71  61889.70  67389.30  78400.38  78688.04
Frequency       1983         1         1         1         1         1         1         1         1         1         1         1         1
Proportion     0.992     0.000     0.000     0.000     0.000     0.000     0.000     0.000     0.000     0.000     0.000     0.000     0.000
                                                            
Value       81606.36  82590.56 144443.91 150468.41 157752.86
Frequency          1         1         1         1         1
Proportion     0.000     0.000     0.000     0.000     0.000
----------------------------------------------------------------------------------------------------------------------------------------------
cprestamos_hipotecarios 
       n  missing distinct     Info     Mean      Gmd 
    2000        0        3    0.083    0.029   0.0564 
                            
Value          0     1     2
Frequency   1943    56     1
Proportion 0.972 0.028 0.000
----------------------------------------------------------------------------------------------------------------------------------------------
mprestamos_hipotecarios 
       n  missing distinct     Info     Mean      Gmd      .05      .10      .25      .50      .75      .90      .95 
    2000        0       58    0.083     4335     8555        0        0        0        0        0        0        0 

lowest :      0.00    370.51   4234.23   5100.40   5282.49, highest: 466079.36 476408.52 483134.14 565446.17 681481.73
----------------------------------------------------------------------------------------------------------------------------------------------
tplazo_fijo 
       n  missing distinct     Info     Mean      Gmd      .05      .10      .25      .50      .75      .90      .95 
    2000        0       13      0.4   0.3005   0.5423        0        0        0        0        0        1        2 
                                                                                        
Value          0     1     2     3     4     5     6     7     9    10    12    14    33
Frequency   1686   193    62    30    15     5     2     1     1     1     2     1     1
Proportion 0.843 0.096 0.031 0.015 0.008 0.002 0.001 0.000 0.000 0.000 0.001 0.000 0.000
----------------------------------------------------------------------------------------------------------------------------------------------
mplazo_fijo_dolares 
       n  missing distinct     Info     Mean      Gmd      .05      .10      .25      .50      .75      .90      .95 
    2000        0      178    0.362    31871    59820        0        0        0        0        0    58783   210613 

lowest :       0.00     722.08    2340.00    4680.00    5850.00, highest: 1137638.65 1167660.00 1287000.00 1386450.00 1562764.85
----------------------------------------------------------------------------------------------------------------------------------------------
mplazo_fijo_pesos 
       n  missing distinct     Info     Mean      Gmd      .05      .10      .25      .50      .75      .90      .95 
    2000        0       75    0.117    22018    43394        0        0        0        0        0        0        0 

lowest :       0.00    9116.75    9390.25   18233.51   25125.78, highest: 2142540.18 2188021.68 2366783.05 3353788.87 4558378.50
----------------------------------------------------------------------------------------------------------------------------------------------
tfondos_comunes_inversion 
       n  missing distinct     Info     Mean      Gmd 
    2000        0        5    0.101    0.046  0.08944 
                                        
Value          0     1     2     3     4
Frequency   1930    53    13     3     1
Proportion 0.965 0.026 0.006 0.002 0.000
----------------------------------------------------------------------------------------------------------------------------------------------
mfondos_comunes_inversion_pesos 
       n  missing distinct     Info     Mean      Gmd      .05      .10      .25      .50      .75      .90      .95 
    2000        0       67    0.096    13382    26577        0        0        0        0        0        0        0 

lowest :       0.00      50.42     122.25     135.19     262.72, highest: 1434792.20 1887326.80 2121435.84 2675527.59 6777672.20
----------------------------------------------------------------------------------------------------------------------------------------------
mfondos_comunes_inversion_dolares 
       n  missing distinct     Info     Mean      Gmd 
    2000        0        7    0.009    26.53    53.03 
                                                                         
Value          0.00    34.64    44.85   318.71   666.61 20528.92 31462.47
Frequency      1994        1        1        1        1        1        1
Proportion    0.997    0.000    0.000    0.000    0.000    0.000    0.000
----------------------------------------------------------------------------------------------------------------------------------------------
ttitulos 
       n  missing distinct     Info     Mean      Gmd      .05      .10      .25      .50      .75      .90      .95 
    2000        0       14    0.202    0.197    0.379        0        0        0        0        0        0        1 
                                                                                              
Value          0     1     2     3     4     5     6     7     8     9    11    14    21    29
Frequency   1855    69    35    11     9     7     3     1     3     3     1     1     1     1
Proportion 0.928 0.034 0.018 0.006 0.004 0.004 0.002 0.000 0.002 0.002 0.000 0.000 0.000 0.000
----------------------------------------------------------------------------------------------------------------------------------------------
mtitulos 
       n  missing distinct     Info     Mean      Gmd      .05      .10      .25      .50      .75      .90      .95 
    2000        0      142    0.201    12732    25241        0        0        0        0        0        0      145 
                                                                                                                                          
Value            0   50000  100000  150000  200000  250000  300000  350000  400000  550000  600000  750000  950000 1100000 1750000 1800000
Frequency     1952      13       7       3       3       3       2       2       1       1       2       2       1       3       1       1
Proportion   0.976   0.006   0.004   0.002   0.002   0.002   0.001   0.001   0.000   0.000   0.001   0.001   0.000   0.002   0.000   0.000
                                  
Value      2800000 2950000 3350000
Frequency        1       1       1
Proportion   0.000   0.000   0.000
----------------------------------------------------------------------------------------------------------------------------------------------
tseguro_vida_mercado_abierto 
       n  missing distinct     Info     Mean      Gmd 
    2000        0        5    0.462    0.268    0.458 
                                        
Value          0     1     2     3     4
Frequency   1624   259    80    31     6
Proportion 0.812 0.130 0.040 0.016 0.003
----------------------------------------------------------------------------------------------------------------------------------------------
tseguro_auto 
       n  missing distinct     Info     Mean      Gmd 
    2000        0        4    0.093    0.038  0.07394 
                                  
Value          0     1     2     3
Frequency   1936    54     8     2
Proportion 0.968 0.027 0.004 0.001
----------------------------------------------------------------------------------------------------------------------------------------------
tseguro_vivienda 
       n  missing distinct     Info     Mean      Gmd 
    2000        0        3      0.6    0.289   0.4276 
                            
Value          0     1     2
Frequency   1452   518    30
Proportion 0.726 0.259 0.015
----------------------------------------------------------------------------------------------------------------------------------------------
tseguro_accidentes_personales 
       n  missing distinct     Info     Mean      Gmd 
    2000        0        3    0.497     0.21   0.3324 
                            
Value          0     1     2
Frequency   1581   418     1
Proportion 0.790 0.209 0.000
----------------------------------------------------------------------------------------------------------------------------------------------
tcaja_seguridad 
       n  missing distinct     Info      Sum     Mean      Gmd 
    2000        0        2    0.416      333   0.1665   0.2777 

----------------------------------------------------------------------------------------------------------------------------------------------
mbonos_corporativos 
       n  missing distinct     Info     Mean      Gmd 
    2000        0        1        0        0        0 
               
Value         0
Frequency  2000
Proportion    1
----------------------------------------------------------------------------------------------------------------------------------------------
mmonedas_extranjeras 
       n  missing distinct     Info     Mean      Gmd 
    2000        0        1        0        0        0 
               
Value         0
Frequency  2000
Proportion    1
----------------------------------------------------------------------------------------------------------------------------------------------
minversiones_otras 
       n  missing distinct     Info     Mean      Gmd 
    2000        0        1        0        0        0 
               
Value         0
Frequency  2000
Proportion    1
----------------------------------------------------------------------------------------------------------------------------------------------
tplan_sueldo 
       n  missing distinct     Info     Mean      Gmd 
    2000        0        8    0.724    0.553   0.8087 
                                                          
Value          0     1     2     3     4     5     6     7
Frequency   1283   443   200    49    14     7     3     1
Proportion 0.642 0.222 0.100 0.024 0.007 0.004 0.002 0.000
----------------------------------------------------------------------------------------------------------------------------------------------
mplan_sueldo 
       n  missing distinct     Info     Mean      Gmd      .05      .10      .25      .50      .75      .90      .95 
    2000        0      713    0.736    17556    28310        0        0        0        0    24420    50325    73671 

lowest :      0.00    221.13    346.32    687.96    760.50, highest: 432254.16 532709.19 613842.84 773202.69 989085.24
----------------------------------------------------------------------------------------------------------------------------------------------
mplan_sueldo_manual 
       n  missing distinct     Info     Mean      Gmd 
    2000        0        1        0        0        0 
               
Value         0
Frequency  2000
Proportion    1
----------------------------------------------------------------------------------------------------------------------------------------------
cplan_sueldo_transaccion 
       n  missing distinct     Info     Mean      Gmd 
    2000        0        1        0        0        0 
               
Value         0
Frequency  2000
Proportion    1
----------------------------------------------------------------------------------------------------------------------------------------------
tcuenta_debitos_automaticos 
       n  missing distinct     Info     Mean      Gmd      .05      .10      .25      .50      .75      .90      .95 
    2000        0       13    0.844    1.058    1.486        0        0        0        0        1        3        4 
                                                                                        
Value          0     1     2     3     4     5     6     7     8     9    11    12    16
Frequency   1042   479   202   126    59    27    24    19    10     6     3     2     1
Proportion 0.521 0.240 0.101 0.063 0.030 0.014 0.012 0.010 0.005 0.003 0.002 0.001 0.000
----------------------------------------------------------------------------------------------------------------------------------------------
mcuenta_debitos_automaticos 
       n  missing distinct     Info     Mean      Gmd      .05      .10      .25      .50      .75      .90      .95 
    2000        0      787    0.858     1060     1808      0.0      0.0      0.0      0.0    755.8   3101.9   5496.0 

lowest :     0.00     4.79    11.68    18.81    20.12, highest: 26662.55 46783.42 46792.00 51800.77 57260.12
----------------------------------------------------------------------------------------------------------------------------------------------
ttarjeta_visa_debitos_automaticos 
       n  missing distinct     Info     Mean      Gmd      .05      .10      .25      .50      .75      .90      .95 
    2000        0       27     0.98     3.72    4.183        0        0        1        2        5        9       12 

lowest :  0  1  2  3  4, highest: 22 24 25 26 35
----------------------------------------------------------------------------------------------------------------------------------------------
mttarjeta_visa_debitos_automaticos 
       n  missing distinct     Info     Mean      Gmd      .05      .10      .25      .50      .75      .90      .95 
    2000        0     1474    0.987     2877     3892     0.00     0.00    71.61  1209.88  3672.16  7426.75 11332.55 

lowest :     0.00     9.31    11.68    18.13    21.17, highest: 33761.22 34258.11 39396.57 46499.64 57488.65
----------------------------------------------------------------------------------------------------------------------------------------------
ttarjeta_master_debitos_automaticos 
       n  missing distinct     Info     Mean      Gmd      .05      .10      .25      .50      .75      .90      .95 
    2000        0       17    0.576    0.782    1.335        0        0        0        0        0        3        5 
                                                                                                                
Value          0     1     2     3     4     5     6     7     8     9    10    11    12    13    16    20    22
Frequency   1501   169   106    58    57    27    34    17     6    12     5     2     2     1     1     1     1
Proportion 0.750 0.084 0.053 0.029 0.028 0.014 0.017 0.008 0.003 0.006 0.002 0.001 0.001 0.000 0.000 0.000 0.000
----------------------------------------------------------------------------------------------------------------------------------------------
mttarjeta_master_debitos_automaticos 
       n  missing distinct     Info     Mean      Gmd      .05      .10      .25      .50      .75      .90      .95 
    2000        0      460    0.577      624     1129        0        0        0        0        0     1779     3636 

lowest :     0.00    11.68    11.70    14.39    16.11, highest: 18558.78 19603.35 21433.20 23244.46 28865.35
----------------------------------------------------------------------------------------------------------------------------------------------
tpagodeservicios 
       n  missing distinct     Info     Mean      Gmd      .05      .10      .25      .50      .75      .90      .95 
    2000        0       13    0.285    0.292   0.5493        0        0        0        0        0        1        2 
                                                                                        
Value          0     1     2     3     4     5     6     7     8     9    10    11    15
Frequency   1788    96    44    18    13    10     9     7     6     3     4     1     1
Proportion 0.894 0.048 0.022 0.009 0.006 0.005 0.004 0.004 0.003 0.002 0.002 0.000 0.000
----------------------------------------------------------------------------------------------------------------------------------------------
mpagodeservicios 
       n  missing distinct     Info     Mean      Gmd      .05      .10      .25      .50      .75      .90      .95 
    2000        0      196    0.285    360.9    701.1      0.0      0.0      0.0      0.0      0.0     58.5   1019.9 

lowest :     0.00    23.40    25.41    35.10    36.89, highest: 33813.00 34829.67 34876.76 37691.43 45419.29
----------------------------------------------------------------------------------------------------------------------------------------------
tpagomiscuentas 
       n  missing distinct     Info     Mean      Gmd      .05      .10      .25      .50      .75      .90      .95 
    2000        0       27    0.773    2.155    3.333        0        0        0        0        3        8       10 

lowest :  0  1  2  3  4, highest: 22 23 24 34 35
----------------------------------------------------------------------------------------------------------------------------------------------
mpagomiscuentas 
       n  missing distinct     Info     Mean      Gmd      .05      .10      .25      .50      .75      .90      .95 
    2000        0      747    0.774     3942     7014        0        0        0        0     1808     9185    15773 
                                                                                                                          
Value           0  10000  20000  30000  40000  50000  60000  70000  80000  90000 100000 120000 130000 160000 210000 700000
Frequency    1677    216     49     18      5     10      4      4      3      4      2      1      3      2      1      1
Proportion  0.838  0.108  0.024  0.009  0.002  0.005  0.002  0.002  0.002  0.002  0.001  0.000  0.002  0.001  0.000  0.000
----------------------------------------------------------------------------------------------------------------------------------------------
ccajeros_propios_descuentos 
       n  missing distinct     Info     Mean      Gmd      .05      .10      .25      .50      .75      .90      .95 
    2000        0       10    0.387    0.269   0.4843        0        0        0        0        0        1        2 
                                                                      
Value          0     1     2     3     4     5     6     8    10    11
Frequency   1698   189    63    21    11     7     6     3     1     1
Proportion 0.849 0.094 0.032 0.010 0.006 0.004 0.003 0.002 0.000 0.000
----------------------------------------------------------------------------------------------------------------------------------------------
mcajeros_propios_descuentos 
       n  missing distinct     Info     Mean      Gmd      .05      .10      .25      .50      .75      .90      .95 
    2000        0      142    0.215    6.738    12.92     0.00     0.00     0.00     0.00     0.00     0.00    43.06 

lowest :   0.00   8.77  10.53  11.80  12.63, highest: 292.50 297.46 352.05 383.76 736.56
----------------------------------------------------------------------------------------------------------------------------------------------
ctarjeta_visa_descuentos 
       n  missing distinct     Info     Mean      Gmd      .05      .10      .25      .50      .75      .90      .95 
    2000        0       11    0.534   0.4285   0.7271        0        0        0        0        0        2        2 
                                                                            
Value          0     1     2     3     4     5     6     7    10    13    14
Frequency   1548   242   112    55    22    12     4     1     2     1     1
Proportion 0.774 0.121 0.056 0.028 0.011 0.006 0.002 0.000 0.001 0.000 0.000
----------------------------------------------------------------------------------------------------------------------------------------------
mtarjeta_visa_descuentos 
       n  missing distinct     Info     Mean      Gmd      .05      .10      .25      .50      .75      .90      .95 
    2000        0      176    0.255    37.33     72.2        0        0        0        0        0        0      131 

lowest :    0.00    8.11    8.70   13.16   14.62, highest: 2654.43 2743.07 2829.64 3493.33 3745.77
----------------------------------------------------------------------------------------------------------------------------------------------
ctarjeta_master_descuentos 
       n  missing distinct     Info     Mean      Gmd 
    2000        0        9    0.189    0.111   0.2118 
                                                                
Value          0     1     2     3     4     5     6     7     8
Frequency   1865    93    22     8     5     4     1     1     1
Proportion 0.932 0.046 0.011 0.004 0.002 0.002 0.000 0.000 0.000
----------------------------------------------------------------------------------------------------------------------------------------------
mtarjeta_master_descuentos 
       n  missing distinct     Info     Mean      Gmd      .05      .10      .25      .50      .75      .90      .95 
    2000        0       42     0.06    5.698    11.31        0        0        0        0        0        0        0 

lowest :    0.00    9.94   13.16   17.55   20.47, highest:  649.35  911.94 1402.83 1684.76 1994.65
----------------------------------------------------------------------------------------------------------------------------------------------
ccuenta_descuentos 
       n  missing distinct     Info     Mean      Gmd 
    2000        0        1        0        0        0 
               
Value         0
Frequency  2000
Proportion    1
----------------------------------------------------------------------------------------------------------------------------------------------
mcuenta_descuentos 
       n  missing distinct     Info     Mean      Gmd 
    2000        0        1        0        0        0 
               
Value         0
Frequency  2000
Proportion    1
----------------------------------------------------------------------------------------------------------------------------------------------
ccomisiones_mantenimiento 
       n  missing distinct     Info     Mean      Gmd 
    2000        0        8     0.58   0.8585   0.5012 
                                                          
Value          0     1     2     3     4     5     8    10
Frequency    443  1485    32     7    26     5     1     1
Proportion 0.222 0.742 0.016 0.004 0.013 0.002 0.000 0.000
----------------------------------------------------------------------------------------------------------------------------------------------
mcomisiones_mantenimiento 
       n  missing distinct     Info     Mean      Gmd      .05      .10      .25      .50      .75      .90      .95 
    2000        0      109     0.97    224.8    214.4     0.00     0.00    18.72   300.66   431.09   431.09   514.80 

lowest : -266.23  -75.16    0.00    7.48    9.36, highest:  799.11  863.37  900.90  905.49  925.47
----------------------------------------------------------------------------------------------------------------------------------------------
ccomisiones_otras 
       n  missing distinct     Info     Mean      Gmd      .05      .10      .25      .50      .75      .90      .95 
    2000        0       41    0.995    11.24    5.744        4        5        8       11       14       17       20 

lowest :   0   1   2   3   4, highest:  39  52  70 128 132
----------------------------------------------------------------------------------------------------------------------------------------------
mcomisiones_otras 
       n  missing distinct     Info     Mean      Gmd      .05      .10      .25      .50      .75      .90      .95 
    2000        0     1945        1    655.2    533.7    92.71   174.09   321.51   515.30   789.78  1198.93  1608.32 

lowest :  -574.52   -77.41   -76.12   -30.88   -24.38, highest:  4918.52  5125.91  5273.02  5821.80 20384.18
----------------------------------------------------------------------------------------------------------------------------------------------
tcambio_monedas 
       n  missing distinct     Info     Mean      Gmd 
    2000        0        9    0.314   0.1805   0.3303 
                                                                
Value          0     1     2     3     4     5     6     7    10
Frequency   1763   168    45    13     4     3     1     1     2
Proportion 0.882 0.084 0.022 0.006 0.002 0.002 0.000 0.000 0.001
----------------------------------------------------------------------------------------------------------------------------------------------
ccambio_monedas_compra 
       n  missing distinct     Info     Mean      Gmd 
    2000        0        6    0.107   0.0505  0.09814 
                                              
Value          0     1     2     3     4     5
Frequency   1926    57    10     5     1     1
Proportion 0.963 0.028 0.005 0.002 0.000 0.000
----------------------------------------------------------------------------------------------------------------------------------------------
mcambio_monedas_compra 
       n  missing distinct     Info     Mean      Gmd      .05      .10      .25      .50      .75      .90      .95 
    2000        0       58    0.107    59.27    116.9        0        0        0        0        0        0        0 

lowest :     0.00     0.10     2.72     7.69    47.45, highest:  4680.00  5850.00  7254.00  9360.00 21060.00
----------------------------------------------------------------------------------------------------------------------------------------------
ccambio_monedas_venta 
       n  missing distinct     Info     Mean      Gmd 
    2000        0        9    0.231     0.13   0.2446 
                                                                
Value          0     1     2     3     4     5     6     7    10
Frequency   1832   120    31     8     4     1     1     1     2
Proportion 0.916 0.060 0.016 0.004 0.002 0.000 0.000 0.000 0.001
----------------------------------------------------------------------------------------------------------------------------------------------
mcambio_monedas_venta 
       n  missing distinct     Info     Mean      Gmd      .05      .10      .25      .50      .75      .90      .95 
    2000        0      125    0.231    197.7    383.6      0.0      0.0      0.0      0.0      0.0      0.0    796.4 

lowest :     0.00     7.02    46.80    58.50    76.82, highest: 14699.99 21081.44 22456.80 24384.41 35911.54
----------------------------------------------------------------------------------------------------------------------------------------------
ctransferencias_recibidas 
       n  missing distinct     Info     Mean      Gmd 
    2000        0        3     0.01   0.0065  0.01298 
                            
Value          0     1     7
Frequency   1993     6     1
Proportion 0.996 0.003 0.000
----------------------------------------------------------------------------------------------------------------------------------------------
mtransferencias_recibidas 
       n  missing distinct     Info     Mean      Gmd 
    2000        0        8     0.01    56.46    112.6 
                                                                                  
Value          0.00 11700.00 11702.69 12870.00 14040.00 16801.20 22404.84 23400.00
Frequency      1993        1        1        1        1        1        1        1
Proportion    0.996    0.000    0.000    0.000    0.000    0.000    0.000    0.000
----------------------------------------------------------------------------------------------------------------------------------------------
ctransferencias_emitidas 
       n  missing distinct     Info     Mean      Gmd      .05      .10      .25      .50      .75      .90      .95 
    2000        0       14    0.527   0.4915   0.8517        0        0        0        0        0        2        3 
                                                                                              
Value          0     1     2     3     4     5     6     7     8     9    10    11    16    22
Frequency   1556   234    90    55    25     8     9     8     6     3     3     1     1     1
Proportion 0.778 0.117 0.045 0.028 0.012 0.004 0.004 0.004 0.003 0.002 0.002 0.000 0.000 0.000
----------------------------------------------------------------------------------------------------------------------------------------------
mtransferencias_emitidas 
       n  missing distinct     Info     Mean      Gmd      .05      .10      .25      .50      .75      .90      .95 
    2000        0      349    0.529     2988     5507        0        0        0        0        0     6447    15096 

lowest :      0.00      5.85     89.21    117.00    140.40, highest:  93600.00 117000.00 141933.44 245516.40 569615.64
----------------------------------------------------------------------------------------------------------------------------------------------
cextraccion_autoservicio 
       n  missing distinct     Info     Mean      Gmd      .05      .10      .25      .50      .75      .90      .95 
    2000        0       27     0.87    2.538      3.6        0        0        0        0        4        8       10 

lowest :  0  1  2  3  4, highest: 22 23 24 27 29
----------------------------------------------------------------------------------------------------------------------------------------------
mextraccion_autoservicio 
       n  missing distinct     Info     Mean      Gmd      .05      .10      .25      .50      .75      .90      .95 
    2000        0      225    0.872     5092     7451        0        0        0        0     7488    16380    21534 

lowest :     0.0   117.0   175.5   234.0   351.0, highest: 51480.0 56160.0 62010.0 62595.0 90090.0
----------------------------------------------------------------------------------------------------------------------------------------------
ccheques_depositados 
       n  missing distinct     Info     Mean      Gmd      .05      .10      .25      .50      .75      .90      .95 
    2000        0       16    0.326    0.348   0.6507        0        0        0        0        0        1        2 
                                                                                                          
Value          0     1     2     3     4     5     6     7     8     9    10    13    14    16    18    23
Frequency   1753   122    40    23    23    10     7     7     3     2     1     3     2     2     1     1
Proportion 0.876 0.061 0.020 0.012 0.012 0.005 0.004 0.004 0.002 0.001 0.000 0.002 0.001 0.001 0.000 0.000
----------------------------------------------------------------------------------------------------------------------------------------------
mcheques_depositados 
       n  missing distinct     Info     Mean      Gmd      .05      .10      .25      .50      .75      .90      .95 
    2000        0      233    0.327     4512     8647        0        0        0        0        0     4680    20782 

lowest :      0.00    120.31    585.00    614.25    643.50, highest: 362700.00 374239.90 374469.89 437540.36 664589.83
----------------------------------------------------------------------------------------------------------------------------------------------
ccheques_emitidos 
       n  missing distinct     Info     Mean      Gmd      .05      .10      .25      .50      .75      .90      .95 
    2000        0       16     0.24   0.2835    0.541        0        0        0        0        0        0        2 
                                                                                                          
Value          0     1     2     3     4     5     6     7     8     9    10    12    13    14    23    24
Frequency   1825    70    35    17    15    13     5     5     3     2     2     2     3     1     1     1
Proportion 0.912 0.035 0.018 0.008 0.008 0.006 0.002 0.002 0.002 0.001 0.001 0.001 0.002 0.000 0.000 0.000
----------------------------------------------------------------------------------------------------------------------------------------------
mcheques_emitidos 
       n  missing distinct     Info     Mean      Gmd      .05      .10      .25      .50      .75      .90      .95 
    2000        0      169     0.24     2040     3951        0        0        0        0        0        0     6983 

lowest :      0.00    198.22    468.00    561.60    585.00, highest: 125360.48 125525.60 142288.77 166018.32 222300.00
----------------------------------------------------------------------------------------------------------------------------------------------
ccheques_depositados_rechazados 
       n  missing distinct     Info     Mean      Gmd 
    2000        0        3    0.019    0.008  0.01592 
                            
Value          0     1     4
Frequency   1987    12     1
Proportion 0.994 0.006 0.000
----------------------------------------------------------------------------------------------------------------------------------------------
mcheques_depositados_rechazados 
       n  missing distinct     Info     Mean      Gmd      .05      .10      .25      .50      .75      .90      .95 
    2000        0       14    0.019    136.4    272.3        0        0        0        0        0        0        0 
                                                                                                                                            
Value           0.00    932.49   1989.00   2315.43   2340.00   2925.00   5248.91   5265.00  11325.60  17784.00  25740.00  42405.01  42471.00
Frequency       1987         1         1         1         1         1         1         1         1         1         1         1         1
Proportion     0.994     0.000     0.000     0.000     0.000     0.000     0.000     0.000     0.000     0.000     0.000     0.000     0.000
                    
Value      112086.00
Frequency          1
Proportion     0.000
----------------------------------------------------------------------------------------------------------------------------------------------
ccheques_emitidos_rechazados 
       n  missing distinct     Info     Mean      Gmd 
    2000        0        3    0.012   0.0055  0.01097 
                            
Value          0     1     2
Frequency   1992     5     3
Proportion 0.996 0.002 0.002
----------------------------------------------------------------------------------------------------------------------------------------------
mcheques_emitidos_rechazados 
       n  missing distinct     Info     Mean      Gmd 
    2000        0        9    0.012    28.91     57.7 
                                                                                           
Value          0.00  2180.88  2925.00  3762.72  3809.27  3978.00 12062.70 14060.22 15034.50
Frequency      1992        1        1        1        1        1        1        1        1
Proportion    0.996    0.000    0.000    0.000    0.000    0.000    0.000    0.000    0.000
----------------------------------------------------------------------------------------------------------------------------------------------
tcallcenter 
       n  missing distinct     Info      Sum     Mean      Gmd 
    2000        0        2    0.545      477   0.2385   0.3634 

----------------------------------------------------------------------------------------------------------------------------------------------
ccallcenter_transacciones 
       n  missing distinct     Info     Mean      Gmd      .05      .10      .25      .50      .75      .90      .95 
    2000        0       26    0.558    1.169    2.042        0        0        0        0        0        4        7 

lowest :  0  1  2  3  4, highest: 22 23 25 29 32
----------------------------------------------------------------------------------------------------------------------------------------------
thomebanking 
       n  missing distinct     Info      Sum     Mean      Gmd 
    2000        0        2    0.403     1680     0.84   0.2689 

----------------------------------------------------------------------------------------------------------------------------------------------
chomebanking_transacciones 
       n  missing distinct     Info     Mean      Gmd      .05      .10      .25      .50      .75      .90      .95 
    2000        0      227    0.996    48.74    56.59      0.0      0.0      8.0     30.0     67.0    118.1    157.0 

lowest :    0    1    2    3    4, highest:  465  481  500  516 1568
----------------------------------------------------------------------------------------------------------------------------------------------
tautoservicio 
       n  missing distinct     Info     Mean      Gmd 
    2000        0        1        0        0        0 
               
Value         0
Frequency  2000
Proportion    1
----------------------------------------------------------------------------------------------------------------------------------------------
cautoservicio_transacciones 
       n  missing distinct     Info     Mean      Gmd 
    2000        0        1        0        0        0 
               
Value         0
Frequency  2000
Proportion    1
----------------------------------------------------------------------------------------------------------------------------------------------
tcajas 
       n  missing distinct     Info      Sum     Mean      Gmd 
    2000        0        2    0.703      750    0.375    0.469 

----------------------------------------------------------------------------------------------------------------------------------------------
tcajas_consultas 
       n  missing distinct     Info     Mean      Gmd 
    2000        0        1        0        0        0 
               
Value         0
Frequency  2000
Proportion    1
----------------------------------------------------------------------------------------------------------------------------------------------
tcajas_depositos 
       n  missing distinct     Info     Mean      Gmd      .05      .10      .25      .50      .75      .90      .95 
    2000        0       10    0.561   0.3935   0.6522        0        0        0        0        0        1        2 
                                                                      
Value          0     1     2     3     4     5     6     7     8    10
Frequency   1516   312   100    43    13     9     4     1     1     1
Proportion 0.758 0.156 0.050 0.022 0.006 0.004 0.002 0.000 0.000 0.000
----------------------------------------------------------------------------------------------------------------------------------------------
tcajas_extracciones 
       n  missing distinct     Info     Mean      Gmd      .05      .10      .25      .50      .75      .90      .95 
    2000        0       10    0.421   0.2775   0.4903        0        0        0        0        0        1        2 
                                                                      
Value          0     1     2     3     4     5     6     8     9    10
Frequency   1666   210    77    24    10     8     2     1     1     1
Proportion 0.833 0.105 0.038 0.012 0.005 0.004 0.001 0.000 0.000 0.000
----------------------------------------------------------------------------------------------------------------------------------------------
tcajas_otras 
       n  missing distinct     Info     Mean      Gmd 
    2000        0        8    0.203    0.136   0.2582 
                                                          
Value          0     1     2     3     4     5     6     9
Frequency   1854    71    49    14     4     6     1     1
Proportion 0.927 0.036 0.024 0.007 0.002 0.003 0.000 0.000
----------------------------------------------------------------------------------------------------------------------------------------------
ccajeros_propio_transacciones 
       n  missing distinct     Info     Mean      Gmd      .05      .10      .25      .50      .75      .90      .95 
    2000        0       24    0.792    1.514    2.316        0        0        0        0        2        5        7 

lowest :  0  1  2  3  4, highest: 19 20 21 23 27
----------------------------------------------------------------------------------------------------------------------------------------------
mcajeros_propio 
       n  missing distinct     Info     Mean      Gmd      .05      .10      .25      .50      .75      .90      .95 
    2000        0      183    0.795     3430     5441        0        0        0        0     4095    11700    17199 

lowest :     0.0   117.0   175.5   234.0   351.0, highest: 45630.0 51480.0 52650.0 53235.0 79560.0
----------------------------------------------------------------------------------------------------------------------------------------------
ccajeros_ajenos_transacciones 
       n  missing distinct     Info     Mean      Gmd      .05      .10      .25      .50      .75      .90      .95 
    2000        0       19    0.643    1.026    1.715        0        0        0        0        1        4        6 
                                                                                                                            
Value          0     1     2     3     4     5     6     7     8     9    10    11    12    13    14    15    17    19    24
Frequency   1418   181   118    74    51    43    33    25    16    12     4     4     7     4     4     2     1     2     1
Proportion 0.709 0.090 0.059 0.037 0.026 0.022 0.016 0.012 0.008 0.006 0.002 0.002 0.004 0.002 0.002 0.001 0.000 0.001 0.000
----------------------------------------------------------------------------------------------------------------------------------------------
mcajeros_ajenos 
       n  missing distinct     Info     Mean      Gmd      .05      .10      .25      .50      .75      .90      .95 
    2000        0      124    0.644     1668     2845        0        0        0        0     1170     6201    10308 

lowest :     0   117   234   351   468, highest: 27495 28080 31590 32760 34515
----------------------------------------------------------------------------------------------------------------------------------------------
tmovimientos_ultimos90dias 
       n  missing distinct     Info     Mean      Gmd      .05      .10      .25      .50      .75      .90      .95 
    2000        0      349        1    122.9    89.39       21       33       63      109      162      232      282 

lowest :   0   1   2   3   4, highest: 533 567 590 626 629
----------------------------------------------------------------------------------------------------------------------------------------------
Master_marca_atraso 
       n  missing distinct     Info      Sum     Mean      Gmd 
    1812      188        2    0.005        3 0.001656 0.003308 

----------------------------------------------------------------------------------------------------------------------------------------------
Master_cuenta_estado 
       n  missing distinct     Info     Mean      Gmd 
    1812      188        3    0.003       10  0.00331 
                            
Value         10    11    12
Frequency   1810     1     1
Proportion 0.999 0.001 0.001
----------------------------------------------------------------------------------------------------------------------------------------------
Master_mfinanciacion_limite 
       n  missing distinct     Info     Mean      Gmd      .05      .10      .25      .50      .75      .90      .95 
    1812      188       58    0.997    76168    72434     9477    11056    18954    50544   112537   168824   220077 

lowest :       0.00     884.52    2843.10    3980.34    4212.00, highest:  272549.25  275082.91  278521.44  330106.60 1336058.56
----------------------------------------------------------------------------------------------------------------------------------------------
Master_Fvencimiento 
       n  missing distinct     Info     Mean      Gmd      .05      .10      .25      .50      .75      .90      .95 
    1812      188       50    0.998   -606.2    521.8    -2070    -1004     -760     -517     -213     -152     -121 

lowest : -2221 -2190 -2162 -2131 -2100, highest:   275  2405  2892  3014  3136
----------------------------------------------------------------------------------------------------------------------------------------------
Master_Finiciomora 
       n  missing distinct     Info     Mean      Gmd 
       3     1997        3        1    40.67       24 
                            
Value         19    48    55
Frequency      1     1     1
Proportion 0.333 0.333 0.333
----------------------------------------------------------------------------------------------------------------------------------------------
Master_msaldototal 
       n  missing distinct     Info     Mean      Gmd      .05      .10      .25      .50      .75      .90      .95 
    1812      188     1118    0.945     5690     9356      0.0      0.0      0.0    735.3   4953.2  14238.5  25373.2 

lowest : -23415.01 -16794.10 -10716.90  -7517.57  -1939.73, highest: 137844.14 140042.01 168446.03 171671.92 185141.52
----------------------------------------------------------------------------------------------------------------------------------------------
Master_msaldopesos 
       n  missing distinct     Info     Mean      Gmd      .05      .10      .25      .50      .75      .90      .95 
    1812      188     1097    0.939     4842     8003      0.0      0.0      0.0    585.8   4383.0  12499.4  20397.3 

lowest : -26614.02 -23595.15 -10716.90  -7517.57  -3649.35, highest: 131787.11 134193.73 137541.64 140042.01 171671.92
----------------------------------------------------------------------------------------------------------------------------------------------
Master_msaldodolares 
       n  missing distinct     Info     Mean      Gmd      .05      .10      .25      .50      .75      .90      .95 
    1812      188      216    0.351    847.9     1682      0.0      0.0      0.0      0.0      0.0    162.2   2479.1 

lowest :  -8246.88  -4331.99   -728.95   -547.92   -404.96, highest:  60911.44  86327.79 104485.68 106726.23 145586.32
----------------------------------------------------------------------------------------------------------------------------------------------
Master_mconsumospesos 
       n  missing distinct     Info     Mean      Gmd      .05      .10      .25      .50      .75      .90      .95 
    1100      900      746    0.973     4399     6874      0.0      0.0      0.0    986.9   3938.1  10829.2  20330.8 

lowest :  -1402.83  -1178.38    -61.95    -40.18      0.00, highest:  92171.32  99285.63 105211.19 106367.26 160930.14
----------------------------------------------------------------------------------------------------------------------------------------------
Master_mconsumosdolares 
       n  missing distinct     Info     Mean      Gmd      .05      .10      .25      .50      .75      .90      .95 
    1100      900      182    0.524    94.46    180.4     0.00     0.00     0.00     0.00     0.00    91.08   383.58 

lowest :    0.00    1.15    2.66    3.51    5.19, highest: 3948.10 5598.83 6921.79 7265.52 9325.50
----------------------------------------------------------------------------------------------------------------------------------------------
Master_mlimitecompra 
       n  missing distinct     Info     Mean      Gmd      .05      .10      .25      .50      .75      .90      .95 
    1812      188       51    0.997    84048    79007    10530    12461    21060    56160   125057   187586   244530 

lowest :   1474.2   4738.5   5686.2   6633.9   7020.0, highest: 294401.2 302847.2 305662.5 309483.3 366795.0
----------------------------------------------------------------------------------------------------------------------------------------------
Master_madelantopesos 
       n  missing distinct     Info     Mean      Gmd      .05      .10      .25      .50      .75      .90      .95 
    1100      900       10    0.024    73.43    146.3        0        0        0        0        0        0        0 
                                                                                                    
Value          0.00  1640.55  2223.00  2346.06  3510.00  7605.00 12555.50 16380.00 17199.00 17316.00
Frequency      1091        1        1        1        1        1        1        1        1        1
Proportion    0.992    0.001    0.001    0.001    0.001    0.001    0.001    0.001    0.001    0.001
----------------------------------------------------------------------------------------------------------------------------------------------
Master_madelantodolares 
       n  missing distinct     Info     Mean      Gmd 
    1100      900        4    0.008   0.9881    1.975 
                                      
Value        0.00 106.59 154.34 826.02
Frequency    1097      1      1      1
Proportion  0.997  0.001  0.001  0.001
----------------------------------------------------------------------------------------------------------------------------------------------
Master_fultimo_cierre 
       n  missing distinct     Info     Mean      Gmd 
    1812      188        6    0.807    5.865    12.43 
                                              
Value         -2     5    12    19  2294  2987
Frequency   1009   479   164   158     1     1
Proportion 0.557 0.264 0.091 0.087 0.001 0.001
----------------------------------------------------------------------------------------------------------------------------------------------
Master_mpagado 
       n  missing distinct     Info     Mean      Gmd      .05      .10      .25      .50      .75      .90      .95 
    1812      188      233     0.35     1021     1942        0        0        0        0        0     1548     5601 

lowest :      0.00      0.33     70.20     93.60     94.39, highest:  47252.08  59656.56  64342.28 127721.22 128450.04
----------------------------------------------------------------------------------------------------------------------------------------------
Master_mpagospesos 
       n  missing distinct     Info     Mean      Gmd      .05      .10      .25      .50      .75      .90      .95 
    1100      900      992        1    -5842     7488 -22349.1 -13982.1  -6741.9  -2784.8   -959.6   -137.6      0.0 

lowest : -117893.62 -100325.72  -93904.20  -69042.29  -69008.07, highest:     -14.87     -11.84      -6.80      -0.09       0.00
----------------------------------------------------------------------------------------------------------------------------------------------
Master_mpagosdolares 
       n  missing distinct     Info     Mean      Gmd      .05      .10      .25      .50      .75      .90      .95 
    1100      900      118    0.352    39.16    76.02     0.00     0.00     0.00     0.00     0.00    10.51   113.87 

lowest :    0.00    0.64    1.15    1.17    1.39, highest: 1650.49 1900.62 2014.83 2961.42 5649.89
----------------------------------------------------------------------------------------------------------------------------------------------
Master_fechaalta 
       n  missing distinct     Info     Mean      Gmd      .05      .10      .25      .50      .75      .90      .95 
    1812      188     1081        1     3060     1991    315.0    651.6   1693.2   3058.5   4386.0   5688.0   5726.0 

lowest :    6    8   19   25   32, highest: 5649 5688 5726 5730 5745
----------------------------------------------------------------------------------------------------------------------------------------------
Master_mconsumototal 
       n  missing distinct     Info     Mean      Gmd      .05      .10      .25      .50      .75      .90      .95 
    1100      900      746    0.973     4399     6874      0.0      0.0      0.0    986.9   3938.1  10829.2  20330.8 

lowest :  -1402.83  -1178.38    -61.95    -40.18      0.00, highest:  92171.32  99285.63 105211.19 106367.26 160930.14
----------------------------------------------------------------------------------------------------------------------------------------------
Master_tconsumos 
       n  missing distinct     Info     Mean      Gmd      .05      .10      .25      .50      .75      .90      .95 
    1100      900       42    0.967    4.384    5.902        0        0        0        2        5       12       16 

lowest :  0  1  2  3  4, highest: 43 45 56 73 85
----------------------------------------------------------------------------------------------------------------------------------------------
Master_tadelantosefectivo 
       n  missing distinct     Info     Mean      Gmd 
    1100      900        8    0.024  0.04909  0.09783 
                                                          
Value          0     1     2     3     4     7     9    21
Frequency   1091     1     1     2     2     1     1     1
Proportion 0.992 0.001 0.001 0.002 0.002 0.001 0.001 0.001
----------------------------------------------------------------------------------------------------------------------------------------------
Master_mpagominimo 
       n  missing distinct     Info     Mean      Gmd      .05      .10      .25      .50      .75      .90      .95 
    1812      188      271      0.9    706.4     1214      0.0      0.0      0.0     35.1    459.2   1402.8   2708.0 

lowest :     0.00     0.17     0.33    11.70    23.40, highest: 26722.80 27647.10 35685.00 41956.20 63156.60
----------------------------------------------------------------------------------------------------------------------------------------------
Visa_marca_atraso 
       n  missing distinct     Info      Sum     Mean      Gmd 
    1957       43        2    0.006        4 0.002044 0.004082 

----------------------------------------------------------------------------------------------------------------------------------------------
Visa_cuenta_estado 
       n  missing distinct     Info     Mean      Gmd 
    1957       43        3    0.003       10 0.003065 
                            
Value         10    11    12
Frequency   1955     1     1
Proportion 0.999 0.001 0.001
----------------------------------------------------------------------------------------------------------------------------------------------
Visa_mfinanciacion_limite 
       n  missing distinct     Info     Mean      Gmd      .05      .10      .25      .50      .75      .90      .95 
    1957       43       62    0.997    91878    82100    12636    15795    25272    75816   168824   199420   220077 

lowest :       0.0    1579.5    2632.5    3159.0    3685.5, highest:  334232.9  385130.3  389944.4  449280.0 1336058.6
----------------------------------------------------------------------------------------------------------------------------------------------
Visa_Fvencimiento 
       n  missing distinct     Info     Mean      Gmd      .05      .10      .25      .50      .75      .90      .95 
    1957       43       75        1   -14848    27855    -2830    -2739    -2404    -2039     -395     -152      -91 
                                              
Value      -2915000    -5000        0     5000
Frequency         9      359     1587        2
Proportion    0.005    0.183    0.811    0.001
----------------------------------------------------------------------------------------------------------------------------------------------
Visa_Finiciomora 
       n  missing distinct     Info     Mean      Gmd 
       4     1996        3      0.9    39.75     31.5 
                         
Value        20   28   83
Frequency     1    2    1
Proportion 0.25 0.50 0.25
----------------------------------------------------------------------------------------------------------------------------------------------
Visa_msaldototal 
       n  missing distinct     Info     Mean      Gmd      .05      .10      .25      .50      .75      .90      .95 
    1957       43     1856        1    14256    16950      0.0    816.4   3153.5   7591.0  16570.4  33962.1  53440.7 

lowest : -10442.54  -2406.01  -1781.45  -1377.21   -882.23, highest: 148092.24 180044.59 192070.57 203362.51 263478.63
----------------------------------------------------------------------------------------------------------------------------------------------
Visa_msaldopesos 
       n  missing distinct     Info     Mean      Gmd      .05      .10      .25      .50      .75      .90      .95 
    1957       43     1852        1    14234    16530      0.0    843.8   3462.8   8078.2  17052.4  31816.2  50859.1 

lowest : -13588.73 -12217.77  -4795.29  -2084.29  -2066.29, highest: 140696.23 162746.67 167052.77 210652.17 233958.34
----------------------------------------------------------------------------------------------------------------------------------------------
Visa_msaldodolares 
       n  missing distinct     Info     Mean      Gmd      .05      .10      .25      .50      .75      .90      .95 
    1957       43      506    0.679     2450     4731      0.0      0.0      0.0      0.0    162.2   4289.5  14637.3 

lowest : -72635.00  -3693.63   -776.61   -707.26   -622.79, highest: 127595.04 133959.12 134780.57 150761.69 201400.27
----------------------------------------------------------------------------------------------------------------------------------------------
Visa_mconsumospesos 
       n  missing distinct     Info     Mean      Gmd      .05      .10      .25      .50      .75      .90      .95 
    1856      144     1714        1     9500    12369      0.0    159.9   1292.6   4403.6  10692.0  23960.8  36349.1 

lowest :  -3064.41  -1758.22  -1270.25  -1128.58   -349.53, highest: 144381.35 148653.99 195933.11 211538.17 214128.60
----------------------------------------------------------------------------------------------------------------------------------------------
Visa_mconsumosdolares 
       n  missing distinct     Info     Mean      Gmd      .05      .10      .25      .50      .75      .90      .95 
    1856      144      538    0.744    177.6    328.9     0.00     0.00     0.00     0.00    15.17   330.41   988.60 

lowest :     0.00     0.09     0.43     0.72     0.73, highest:  7512.54  8272.94  8913.02 12496.91 12900.66
----------------------------------------------------------------------------------------------------------------------------------------------
Visa_mlimitecompra 
       n  missing distinct     Info     Mean      Gmd      .05      .10      .25      .50      .75      .90      .95 
    1957       43       53    0.997   101488    89770    14040    17550    28080    84240   187586   221586   244530 

lowest :   2632.5   4387.5   5265.0   6142.5   7020.0, highest: 366795.0 371379.9 427927.5 433276.6 449280.0
----------------------------------------------------------------------------------------------------------------------------------------------
Visa_madelantopesos 
       n  missing distinct     Info     Mean      Gmd      .05      .10      .25      .50      .75      .90      .95 
    1856      144       25    0.041     83.7    166.3        0        0        0        0        0        0        0 

lowest :     0.00   407.25   585.00  1257.56  1405.11, highest: 10963.48 17550.00 17573.13 18455.38 23400.00
----------------------------------------------------------------------------------------------------------------------------------------------
Visa_madelantodolares 
       n  missing distinct     Info     Mean      Gmd      .05      .10      .25      .50      .75      .90      .95 
    1856      144       14    0.021    2.785    5.554        0        0        0        0        0        0        0 
                                                                                                                          
Value         0.00   26.79   81.71   92.44  120.43  154.82  225.97  237.51  305.39  343.99  468.00  721.28 1192.35 1199.17
Frequency     1843       1       1       1       1       1       1       1       1       1       1       1       1       1
Proportion   0.993   0.001   0.001   0.001   0.001   0.001   0.001   0.001   0.001   0.001   0.001   0.001   0.001   0.001
----------------------------------------------------------------------------------------------------------------------------------------------
Visa_fultimo_cierre 
       n  missing distinct     Info     Mean      Gmd 
    1957       43        5     0.77    5.129    11.47 
                                        
Value         -2     5    19  2294  2679
Frequency   1153   562   240     1     1
Proportion 0.589 0.287 0.123 0.001 0.001
----------------------------------------------------------------------------------------------------------------------------------------------
Visa_mpagado 
       n  missing distinct     Info     Mean      Gmd      .05      .10      .25      .50      .75      .90      .95 
    1957       43      303    0.408     2144     3987        0        0        0        0        0     5624    13058 

lowest :      0.00     47.42    163.09    351.00    362.70, highest: 102843.00 109863.00 117560.66 130254.14 179179.43
----------------------------------------------------------------------------------------------------------------------------------------------
Visa_mpagospesos 
       n  missing distinct     Info     Mean      Gmd      .05      .10      .25      .50      .75      .90      .95 
    1856      144     1755        1   -12213    13223 -39690.4 -28394.3 -15307.1  -7390.6  -3382.3  -1303.4   -408.5 

lowest : -179700.56 -148569.52 -140565.61 -126508.96 -112154.59, highest:     -26.04     -23.40     -21.06     -15.95       0.00
----------------------------------------------------------------------------------------------------------------------------------------------
Visa_mpagosdolares 
       n  missing distinct     Info     Mean      Gmd      .05      .10      .25      .50      .75      .90      .95 
    1856      144      308    0.531    88.92    169.7     0.00     0.00     0.00     0.00     0.00    59.39   370.85 

lowest :    0.00    0.07    0.97    1.15    1.17, highest: 4504.64 4609.03 5022.06 5751.05 7367.87
----------------------------------------------------------------------------------------------------------------------------------------------
Visa_fechaalta 
       n  missing distinct     Info     Mean      Gmd      .05      .10      .25      .50      .75      .90      .95 
    1957       43     1514        1     4228     2526    546.8   1134.2   2490.0   3987.0   6329.0   6973.2   7293.2 

lowest :    8   19   33   39   68, highest: 8961 9176 9380 9772 9896
----------------------------------------------------------------------------------------------------------------------------------------------
Visa_mconsumototal 
       n  missing distinct     Info     Mean      Gmd      .05      .10      .25      .50      .75      .90      .95 
    1856      144     1714        1     9500    12369      0.0    159.9   1292.6   4403.6  10692.0  23960.8  36349.1 

lowest :  -3064.41  -1758.22  -1270.25  -1128.58   -349.53, highest: 144381.35 148653.99 195933.11 211538.17 214128.60
----------------------------------------------------------------------------------------------------------------------------------------------
Visa_tconsumos 
       n  missing distinct     Info     Mean      Gmd      .05      .10      .25      .50      .75      .90      .95 
    1856      144       85    0.997    12.25    13.67        0        1        3        7       15       30       40 

lowest :   0   1   2   3   4, highest: 124 127 128 135 154
----------------------------------------------------------------------------------------------------------------------------------------------
Visa_tadelantosefectivo 
       n  missing distinct     Info     Mean      Gmd 
    1856      144        8    0.041  0.04364  0.08662 
                                                          
Value          0     1     2     3     4     6     7    14
Frequency   1830     9     4     6     3     1     2     1
Proportion 0.986 0.005 0.002 0.003 0.002 0.001 0.001 0.001
----------------------------------------------------------------------------------------------------------------------------------------------
Visa_mpagominimo 
       n  missing distinct     Info     Mean      Gmd      .05      .10      .25      .50      .75      .90      .95 
    1957       43      457    0.999     1792     2494      0.0     11.7    269.1    678.6   1556.1   4095.0   7078.5 

lowest :      0.0     11.7     23.4     35.1     46.8, highest:  34058.7  36855.0  77056.2  85281.3 112167.9
----------------------------------------------------------------------------------------------------------------------------------------------
clase_ternaria 
       n  missing distinct 
    2000        0        3 
                                     
Value        BAJA+1   BAJA+2 CONTINUA
Frequency         5        4     1991
Proportion    0.002    0.002    0.996
----------------------------------------------------------------------------------------------------------------------------------------------
clase_binaria 
       n  missing distinct 
    2000        0        2 
                      
Value          0     1
Frequency   1991     9
Proportion 0.996 0.004
----------------------------------------------------------------------------------------------------------------------------------------------
