dataset 

 170  Variables      193083  Observations
-----------------------------------------------------------------------------------
foto_mes 
       n  missing distinct     Info     Mean      Gmd 
  193083        0        1        0   201609        0 
                 
Value      201609
Frequency  193083
Proportion      1
-----------------------------------------------------------------------------------
marketing_activo_ultimos90dias 
       n  missing distinct     Info      Sum     Mean      Gmd 
  193083        0        2    0.043   190292   0.9855  0.02849 

-----------------------------------------------------------------------------------
cliente_vip 
       n  missing distinct     Info      Sum     Mean      Gmd 
  193083        0        2    0.039     2516  0.01303  0.02572 

-----------------------------------------------------------------------------------
internet 
       n  missing distinct     Info      Sum     Mean      Gmd 
  193083        0        2    0.318   169816   0.8795    0.212 

-----------------------------------------------------------------------------------
cliente_edad 
       n  missing distinct     Info     Mean      Gmd      .05      .10      .25 
  193083        0       82    0.999    46.35    14.18       29       31       37 
     .50      .75      .90      .95 
      45       55       64       69 

lowest :  18  19  20  21  22, highest:  95  96  97 100 107
-----------------------------------------------------------------------------------
cliente_antiguedad 
       n  missing distinct     Info     Mean      Gmd      .05      .10      .25 
  193083        0      269        1    121.9       87       12       23       64 
     .50      .75      .90      .95 
     113      170      239      268 

lowest :   1   2   3   4   5, highest: 265 266 267 268 321
-----------------------------------------------------------------------------------
mrentabilidad 
       n  missing distinct     Info     Mean      Gmd      .05      .10      .25 
  193083        0   122780    0.998     1313     1516      0.0      0.0    372.7 
     .50      .75      .90      .95 
   825.3   1548.0   2820.4   4164.3 

lowest : -17675.57 -10600.73 -10289.68  -9559.70  -8099.39
highest:  90002.03  90110.89 100725.87 125085.54 448159.66
-----------------------------------------------------------------------------------
mrentabilidad_annual 
       n  missing distinct     Info     Mean      Gmd      .05      .10      .25 
  193083        0   164130    0.998    14250    15117        0        0     4959 
     .50      .75      .90      .95 
    9987    17270    29436    41902 

lowest : -321709.7 -250621.8 -237817.2 -229480.5 -113369.3
highest:  834245.0 1144014.3 1146563.5 1266038.8 1275659.4
-----------------------------------------------------------------------------------
mcomisiones 
       n  missing distinct     Info     Mean      Gmd      .05      .10      .25 
  193083        0    87578    0.998    511.9    538.6      0.0      0.0    128.0 
     .50      .75      .90      .95 
   396.1    692.5   1087.6   1440.6 

lowest : -6084.76 -4934.84 -4457.78 -4421.16 -4040.24
highest: 51320.02 55130.99 57752.55 72078.45 74862.57
-----------------------------------------------------------------------------------
mactivos_margen 
       n  missing distinct     Info     Mean      Gmd      .05      .10      .25 
  193083        0    88668    0.997    12.18    422.2  -580.27  -364.47  -137.07 
     .50      .75      .90      .95 
    0.00    76.64   415.42   715.79 

lowest : -16315.60  -8770.18  -7934.27  -7485.40  -6051.62
highest:  19091.38  24480.44  25606.15  34811.55  36509.58
-----------------------------------------------------------------------------------
mpasivos_margen 
       n  missing distinct     Info     Mean      Gmd      .05      .10      .25 
  193083        0    93695    0.998    672.9    962.2     0.00     0.00    51.87 
     .50      .75      .90      .95 
  235.65   667.49  1630.79  2678.90 
                                                                                
Value      -10000  -5000      0   5000  10000  15000  20000  25000  30000  35000
Frequency       3      3 182380   9255    945    285     92     44     30     13
Proportion  0.000  0.000  0.945  0.048  0.005  0.001  0.000  0.000  0.000  0.000
                                                                         
Value       40000  45000  50000  55000  60000  65000  75000  85000 370000
Frequency       9      6      5      3      2      3      3      1      1
Proportion  0.000  0.000  0.000  0.000  0.000  0.000  0.000  0.000  0.000
-----------------------------------------------------------------------------------
marketing_coss_selling 
       n  missing distinct     Info     Mean      Gmd      .05      .10      .25 
  193083        0       20    0.973    9.185    2.123        6        7        8 
     .50      .75      .90      .95 
       9       10       12       13 
                                                                                  
Value          3     4     5     6     7     8     9    10    11    12    13    14
Frequency      6   388  1562  8063 26006 40485 41273 31251 20791 12246  6431  2923
Proportion 0.000 0.002 0.008 0.042 0.135 0.210 0.214 0.162 0.108 0.063 0.033 0.015
                                                          
Value         15    16    17    18    19    20    21    22
Frequency   1160   326   107    39    14     8     2     2
Proportion 0.006 0.002 0.001 0.000 0.000 0.000 0.000 0.000
-----------------------------------------------------------------------------------
tpaquete1 
       n  missing distinct     Info     Mean      Gmd 
  193083        0        1        0        1        0 
                 
Value           1
Frequency  193083
Proportion      1
-----------------------------------------------------------------------------------
tpaquete2 
       n  missing distinct     Info     Mean      Gmd 
  193083        0        1        0        0        0 
                 
Value           0
Frequency  193083
Proportion      1
-----------------------------------------------------------------------------------
tpaquete3 
       n  missing distinct     Info     Mean      Gmd 
  193083        0        1        0        0        0 
                 
Value           0
Frequency  193083
Proportion      1
-----------------------------------------------------------------------------------
tpaquete4 
       n  missing distinct     Info     Mean      Gmd 
  193083        0        1        0        0        0 
                 
Value           0
Frequency  193083
Proportion      1
-----------------------------------------------------------------------------------
tpaquete5 
       n  missing distinct     Info     Mean      Gmd 
  193083        0        1        0        0        0 
                 
Value           0
Frequency  193083
Proportion      1
-----------------------------------------------------------------------------------
tpaquete6 
       n  missing distinct     Info     Mean      Gmd 
  193083        0        1        0        0        0 
                 
Value           0
Frequency  193083
Proportion      1
-----------------------------------------------------------------------------------
tpaquete7 
       n  missing distinct     Info      Sum     Mean      Gmd 
  193083        0        2    0.031     2020  0.01046   0.0207 

-----------------------------------------------------------------------------------
tpaquete8 
       n  missing distinct     Info     Mean      Gmd 
  193083        0        1        0        0        0 
                 
Value           0
Frequency  193083
Proportion      1
-----------------------------------------------------------------------------------
tpaquete9 
       n  missing distinct     Info      Sum     Mean      Gmd 
  193083        0        2    0.037     2410  0.01248  0.02465 

-----------------------------------------------------------------------------------
tcuentas 
       n  missing distinct     Info     Mean      Gmd 
  193083        0        2    0.025    1.008  0.01672 
                        
Value           1      2
Frequency  191455   1628
Proportion  0.992  0.008
-----------------------------------------------------------------------------------
tcuenta_corriente 
       n  missing distinct     Info     Mean      Gmd 
  193083        0        4    0.059    1.021  0.04039 
                                      
Value           1      2      3      4
Frequency  189178   3838     61      6
Proportion   0.98   0.02   0.00   0.00
-----------------------------------------------------------------------------------
mcuenta_corriente_Nopaquete 
       n  missing distinct     Info     Mean      Gmd      .05      .10      .25 
  193083        0      196    0.003    56.73    114.6        0        0        0 
     .50      .75      .90      .95 
       0        0        0        0 
                                                                                  
Value       -50000       0   50000  100000  150000  200000  350000 2200000 2250000
Frequency        1  193052      12       8       3       2       2       1       1
Proportion       0       1       0       0       0       0       0       0       0
                  
Value      3350000
Frequency        1
Proportion       0
-----------------------------------------------------------------------------------
mcuenta_corriente_Paquete 
       n  missing distinct     Info     Mean      Gmd      .05      .10      .25 
  193083        0    84570    0.905     2207     7374  -4178.0  -2454.7   -487.7 
     .50      .75      .90      .95 
     0.0      0.0      0.0   5379.2 

lowest : -719861.6 -640088.9 -514997.6 -477097.0 -457486.9
highest: 3140452.7 3353213.5 3635936.0 3782999.4 8860762.4
-----------------------------------------------------------------------------------
mcuenta_corriente_dolares 
       n  missing distinct     Info     Mean      Gmd 
  193083        0        1        0        0        0 
                 
Value           0
Frequency  193083
Proportion      1
-----------------------------------------------------------------------------------
tcaja_ahorro 
       n  missing distinct     Info     Mean      Gmd      .05      .10      .25 
  193083        0       10    0.205    2.116   0.2192        2        2        2 
     .50      .75      .90      .95 
       2        2        2        3 
                                                                                
Value           2      3      4      5      6      7      8      9     10     11
Frequency  178852   7213   6186    525    259     25     17      1      4      1
Proportion  0.926  0.037  0.032  0.003  0.001  0.000  0.000  0.000  0.000  0.000
-----------------------------------------------------------------------------------
mcaja_ahorro_Paquete 
       n  missing distinct     Info     Mean      Gmd      .05      .10      .25 
  193083        0   168720    0.999    24747    36492     0.00    31.31  1685.63 
     .50      .75      .90      .95 
 7601.39 22347.15 58076.97 99376.03 

lowest :     -272.21     -105.42      -56.16      -26.17        0.00
highest:  3612767.65  3991845.67  4131556.39  4701533.04 17793278.24
-----------------------------------------------------------------------------------
mcaja_ahorro_Nopaquete 
       n  missing distinct     Info     Mean      Gmd      .05      .10      .25 
  193083        0     2490    0.039    224.6    447.7        0        0        0 
     .50      .75      .90      .95 
       0        0        0        0 

lowest :    -654.14    -214.75     -93.60       0.00       0.01
highest:  383464.29  400036.53  482500.44  599851.34 1039920.30
-----------------------------------------------------------------------------------
mcaja_ahorro_dolares 
        n   missing  distinct      Info      Mean       Gmd       .05       .10 
   193083         0     48743     0.878     27706     51594      0.00      0.00 
      .25       .50       .75       .90       .95 
     0.00      0.17   1455.16  51087.87 128602.57 

lowest :   -10559.64    -8886.71    -5803.86    -4550.77    -4018.06
highest: 11839254.59 13549681.80 13929955.47 14301680.11 15950042.01
-----------------------------------------------------------------------------------
mdescubierto_preacordado 
       n  missing distinct     Info     Mean      Gmd 
  193083        0        2    0.049    1.151  0.03789 
                        
Value        0.00   1.17
Frequency    3179 189904
Proportion  0.016  0.984
-----------------------------------------------------------------------------------
mcuentas_saldo 
        n   missing  distinct      Info      Mean       Gmd       .05       .10 
   193083         0    185537         1     57364     94894  -5184.75  -2755.92 
      .25       .50       .75       .90       .95 
    22.52  11084.41  46481.57 132661.79 239557.75 

lowest :  -880181.2  -729821.6  -717182.4  -648994.8  -544364.4
highest: 12507062.1 14009368.0 14961135.2 16082872.9 22382287.1
-----------------------------------------------------------------------------------
ttarjeta_debito 
       n  missing distinct     Info     Mean      Gmd      .05      .10      .25 
  193083        0       15    0.636    1.359    0.552        1        1        1 
     .50      .75      .90      .95 
       1        2        2        3 
                                                                                
Value           0      1      2      3      4      5      6      7      8      9
Frequency     506 136005  46911   7252   2002    290    101      5      1      4
Proportion  0.003  0.704  0.243  0.038  0.010  0.002  0.001  0.000  0.000  0.000
                                             
Value          10     52     77    280    302
Frequency       2      1      1      1      1
Proportion  0.000  0.000  0.000  0.000  0.000
-----------------------------------------------------------------------------------
ctarjeta_debito_transacciones 
       n  missing distinct     Info     Mean      Gmd      .05      .10      .25 
  193083        0      104    0.941     5.58    7.671        0        0        0 
     .50      .75      .90      .95 
       2        8       16       22 

lowest :   0   1   2   3   4, highest: 118 120 122 133 145
-----------------------------------------------------------------------------------
mautoservicio 
       n  missing distinct     Info     Mean      Gmd      .05      .10      .25 
  193083        0    96491    0.942     3379     4831        0        0        0 
     .50      .75      .90      .95 
     943     4636     9782    14019 

lowest :      0.00      0.01      0.02      0.03      0.04
highest: 139007.65 154440.00 167430.19 185006.65 314545.71
-----------------------------------------------------------------------------------
ttarjeta_visa 
       n  missing distinct     Info     Mean      Gmd 
  193083        0        4    0.128   0.9997  0.08748 
                                      
Value           0      1      2      3
Frequency    4351 184485   4208     39
Proportion  0.023  0.955  0.022  0.000
-----------------------------------------------------------------------------------
ctarjeta_visa_transacciones 
       n  missing distinct     Info     Mean      Gmd      .05      .10      .25 
  193083        0      174    0.998    14.34    14.76        0        0        4 
     .50      .75      .90      .95 
      10       20       33       43 

lowest :   0   1   2   3   4, highest: 200 204 240 241 249
-----------------------------------------------------------------------------------
mtarjeta_visa_consumo 
       n  missing distinct     Info     Mean      Gmd      .05      .10      .25 
  193083        0   161183    0.999     9542    10899        0        0     2178 
     .50      .75      .90      .95 
    5896    12038    21945    31274 

lowest :      0.00      0.31      1.06      1.09      1.13
highest: 319642.90 347898.16 360775.53 383796.02 403877.54
-----------------------------------------------------------------------------------
ttarjeta_master 
       n  missing distinct     Info     Mean      Gmd 
  193083        0        4    0.288   0.9094   0.1956 
                                      
Value           0      1      2      3
Frequency   19148 172302   1619     14
Proportion  0.099  0.892  0.008  0.000
-----------------------------------------------------------------------------------
ctarjeta_master_transacciones 
       n  missing distinct     Info     Mean      Gmd      .05      .10      .25 
  193083        0       99    0.861    3.203    4.905        0        0        0 
     .50      .75      .90      .95 
       0        4       10       15 

lowest :   0   1   2   3   4, highest: 105 108 112 116 122
-----------------------------------------------------------------------------------
mtarjeta_master_consumo 
       n  missing distinct     Info     Mean      Gmd      .05      .10      .25 
  193083        0    81194    0.863     2746     4431        0        0        0 
     .50      .75      .90      .95 
       0     2807     7829    12872 

lowest :      0.00      0.11      0.97      1.17      1.41
highest: 214323.25 217069.03 226690.70 252268.56 265501.61
-----------------------------------------------------------------------------------
cprestamos_personales 
       n  missing distinct     Info     Mean      Gmd      .05      .10      .25 
  193083        0       57    0.671   0.6909    1.131        0        0        0 
     .50      .75      .90      .95 
       0        1        2        3 

lowest :  0  1  2  3  4, highest: 56 61 62 67 97
-----------------------------------------------------------------------------------
mprestamos_personales 
       n  missing distinct     Info     Mean      Gmd      .05      .10      .25 
  193083        0    47935    0.677    17931    29567        0        0        0 
     .50      .75      .90      .95 
       0    17412    67878    97971 

lowest :       0.00      59.92      79.38      91.40      94.53
highest:  524717.10  583837.82  585000.00  895693.80 1738388.67
-----------------------------------------------------------------------------------
cprestamos_prendarios 
       n  missing distinct     Info     Mean      Gmd 
  193083        0        4    0.055  0.01912  0.03754 
                                      
Value           0      1      2      3
Frequency  189466   3547     65      5
Proportion  0.981  0.018  0.000  0.000
-----------------------------------------------------------------------------------
mprestamos_prendarios 
       n  missing distinct     Info     Mean      Gmd      .05      .10      .25 
  193083        0     3344    0.055     2422     4797        0        0        0 
     .50      .75      .90      .95 
       0        0        0        0 

lowest :       0.00     991.93    1222.41    1223.91    1262.62
highest: 1245179.39 1374750.00 1394717.76 1403723.82 4701060.00
-----------------------------------------------------------------------------------
cprestamos_hipotecarios 
       n  missing distinct     Info     Mean      Gmd 
  193083        0        5    0.056  0.01939  0.03807 
                                             
Value           0      1      2      3      4
Frequency  189431   3566     81      4      1
Proportion  0.981  0.018  0.000  0.000  0.000
-----------------------------------------------------------------------------------
mprestamos_hipotecarios 
       n  missing distinct     Info     Mean      Gmd      .05      .10      .25 
  193083        0     3380    0.056     3409     6756        0        0        0 
     .50      .75      .90      .95 
       0        0        0        0 

lowest :       0.00      49.08      87.00      98.39     115.22
highest: 1744470.00 1876738.50 2270268.00 2351995.63 2386800.00
-----------------------------------------------------------------------------------
tplazo_fijo 
       n  missing distinct     Info     Mean      Gmd      .05      .10      .25 
  193083        0       44    0.332     0.22   0.4038        0        0        0 
     .50      .75      .90      .95 
       0        0        1        1 

lowest :  0  1  2  3  4, highest: 55 56 64 67 73
-----------------------------------------------------------------------------------
mplazo_fijo_dolares 
       n  missing distinct     Info     Mean      Gmd      .05      .10      .25 
  193083        0     7309    0.315    30828    58975        0        0        0 
     .50      .75      .90      .95 
       0        0    26910   152100 

lowest :        0.00      585.00      586.17      595.34      604.89
highest:  9008080.55 10744631.80 11700000.00 14371279.65 14808604.42
-----------------------------------------------------------------------------------
mplazo_fijo_pesos 
       n  missing distinct     Info     Mean      Gmd      .05      .10      .25 
  193083        0     2600    0.049     5978    11899        0        0        0 
     .50      .75      .90      .95 
       0        0        0        0 

lowest :        0.00     8929.03     8930.10     8930.63     8932.24
highest: 12500642.70 13354761.43 13893571.45 14978763.68 57145795.20
-----------------------------------------------------------------------------------
tfondos_comunes_inversion 
       n  missing distinct     Info     Mean      Gmd      .05      .10      .25 
  193083        0       14    0.093  0.04823  0.09421        0        0        0 
     .50      .75      .90      .95 
       0        0        0        0 
                                                                                
Value           0      1      2      3      4      5      6      7      8      9
Frequency  186918   4317   1174    373    156     63     34     27      7      6
Proportion  0.968  0.022  0.006  0.002  0.001  0.000  0.000  0.000  0.000  0.000
                                      
Value          10     11     12     14
Frequency       5      1      1      1
Proportion  0.000  0.000  0.000  0.000
-----------------------------------------------------------------------------------
mfondos_comunes_inversion_pesos 
       n  missing distinct     Info     Mean      Gmd      .05      .10      .25 
  193083        0     5058    0.078     7778    15450        0        0        0 
     .50      .75      .90      .95 
       0        0        0        0 

lowest :        0.00        1.64        1.77        2.21        2.91
highest: 10174813.24 14400092.84 17152961.83 20124313.65 24971642.58
-----------------------------------------------------------------------------------
mfondos_comunes_inversion_dolares 
       n  missing distinct     Info     Mean      Gmd      .05      .10      .25 
  193083        0     1925     0.03     2837     5658        0        0        0 
     .50      .75      .90      .95 
       0        0        0        0 

lowest :        0.00       18.56       19.10       19.81       20.72
highest:  7111050.60  7176377.89  8781990.25 16068561.49 19135704.00
-----------------------------------------------------------------------------------
ttitulos 
       n  missing distinct     Info     Mean      Gmd      .05      .10      .25 
  193083        0       41    0.161   0.1595   0.3093        0        0        0 
     .50      .75      .90      .95 
       0        0        0        1 

lowest :  0  1  2  3  4, highest: 37 42 48 49 53
-----------------------------------------------------------------------------------
mtitulos 
       n  missing distinct     Info     Mean      Gmd      .05      .10      .25 
  193083        0     9138    0.161    23630    46833     0.00     0.00     0.00 
     .50      .75      .90      .95 
    0.00     0.00     0.00    17.65 

lowest :        0.00        0.01        0.02        0.03        0.04
highest: 35595612.00 47243443.45 53154971.01 58612242.86 58673737.45
-----------------------------------------------------------------------------------
tseguro_vida_mercado_abierto 
       n  missing distinct     Info     Mean      Gmd 
  193083        0        8    0.501   0.3172   0.5345 
                                                                  
Value           0      1      2      3      4      5      6      7
Frequency  152866  25548   9210   4604    816     33      5      1
Proportion  0.792  0.132  0.048  0.024  0.004  0.000  0.000  0.000
-----------------------------------------------------------------------------------
tseguro_auto 
       n  missing distinct     Info     Mean      Gmd 
  193083        0        6     0.08  0.03028  0.05906 
                                                    
Value           0      1      2      3      4      5
Frequency  187816   4763    441     53      7      3
Proportion  0.973  0.025  0.002  0.000  0.000  0.000
-----------------------------------------------------------------------------------
tseguro_vivienda 
       n  missing distinct     Info     Mean      Gmd 
  193083        0        7    0.427   0.1778   0.2966 
                                                           
Value           0      1      2      3      4      5      6
Frequency  159958  32030   1018     56     16      4      1
Proportion  0.828  0.166  0.005  0.000  0.000  0.000  0.000
-----------------------------------------------------------------------------------
tseguro_accidentes_personales 
       n  missing distinct     Info     Mean      Gmd 
  193083        0        4    0.464    0.192   0.3107 
                                      
Value           0      1      2      3
Frequency  156120  36854    106      3
Proportion  0.809  0.191  0.001  0.000
-----------------------------------------------------------------------------------
tcaja_seguridad 
       n  missing distinct     Info      Sum     Mean      Gmd 
  193083        0        2    0.266    18966  0.09823   0.1772 

-----------------------------------------------------------------------------------
mbonos_corporativos 
       n  missing distinct     Info     Mean      Gmd 
  193083        0        1        0        0        0 
                 
Value           0
Frequency  193083
Proportion      1
-----------------------------------------------------------------------------------
mmonedas_extranjeras 
       n  missing distinct     Info     Mean      Gmd 
  193083        0        1        0        0        0 
                 
Value           0
Frequency  193083
Proportion      1
-----------------------------------------------------------------------------------
minversiones_otras 
       n  missing distinct     Info     Mean      Gmd 
  193083        0        1        0        0        0 
                 
Value           0
Frequency  193083
Proportion      1
-----------------------------------------------------------------------------------
tplan_sueldo 
       n  missing distinct     Info     Mean      Gmd      .05      .10      .25 
  193083        0       15    0.784   0.6042    0.809        0        0        0 
     .50      .75      .90      .95 
       0        1        2        2 
                                                                                
Value           0      1      2      3      4      5      6      7      8      9
Frequency  111124  55634  20520   4230   1012    326    142     46     22     13
Proportion  0.576  0.288  0.106  0.022  0.005  0.002  0.001  0.000  0.000  0.000
                                             
Value          10     11     12     13     15
Frequency       7      3      1      2      1
Proportion  0.000  0.000  0.000  0.000  0.000
-----------------------------------------------------------------------------------
mplan_sueldo 
       n  missing distinct     Info     Mean      Gmd      .05      .10      .25 
  193083        0    68016    0.809    17047    24931        0        0        0 
     .50      .75      .90      .95 
       0    28825    43141    55848 

lowest :    -4095.00        0.00        0.01        0.12        1.17
highest:  6374922.98  7499842.74  8406799.83 11143309.32 13576091.53
-----------------------------------------------------------------------------------
mplan_sueldo_manual 
       n  missing distinct     Info     Mean      Gmd      .05      .10      .25 
  193083        0       17        0   0.9991    5.694        0        0        0 
     .50      .75      .90      .95 
       0        0        0        0 

-44898.75 (1, 0), -32823.18 (1, 0), -26968.5 (1, 0), -19884.03 (1, 0), -19880.28
(1, 0), -9111.96 (1, 0), -6721.65 (1, 0), -5826.6 (1, 0), -4095 (3, 0), 0 (193065,
1), 5162.89 (1, 0), 7630.74 (1, 0), 25084.8 (1, 0), 33794.28 (1, 0), 43146.09 (1,
0), 127831.26 (1, 0), 128654.37 (1, 0)
-----------------------------------------------------------------------------------
cplan_sueldo_transaccion 
        n   missing  distinct      Info      Mean       Gmd 
   193083         0         3         0  9.84e-05 0.0001968 
                               
Value           0      1      2
Frequency  193065     17      1
Proportion      1      0      0
-----------------------------------------------------------------------------------
tcuenta_debitos_automaticos 
       n  missing distinct     Info     Mean      Gmd      .05      .10      .25 
  193083        0       31    0.817   0.9085    1.291        0        0        0 
     .50      .75      .90      .95 
       0        1        3        4 

lowest :  0  1  2  3  4, highest: 27 31 37 44 55
-----------------------------------------------------------------------------------
mcuenta_debitos_automaticos 
       n  missing distinct     Info     Mean      Gmd      .05      .10      .25 
  193083        0    49927    0.831     1070     1865      0.0      0.0      0.0 
     .50      .75      .90      .95 
     0.0    668.1   2855.5   5380.2 

lowest :      0.00      0.01      0.02      0.10      0.16
highest: 347127.60 357654.44 513209.74 637106.24 956751.31
-----------------------------------------------------------------------------------
ttarjeta_visa_debitos_automaticos 
       n  missing distinct     Info     Mean      Gmd      .05      .10      .25 
  193083        0       41    0.954    2.422    2.964        0        0        0 
     .50      .75      .90      .95 
       1        4        6        9 

lowest :  0  1  2  3  4, highest: 36 37 38 45 66
-----------------------------------------------------------------------------------
mttarjeta_visa_debitos_automaticos 
       n  missing distinct     Info     Mean      Gmd      .05      .10      .25 
  193083        0    91990    0.965     2032     2938      0.0      0.0      0.0 
     .50      .75      .90      .95 
   602.5   2493.3   5687.3   8654.6 

lowest :     0.00     0.01     0.31     0.58     0.83
highest: 78734.57 85775.37 86816.65 94591.73 95507.08
-----------------------------------------------------------------------------------
ttarjeta_master_debitos_automaticos 
       n  missing distinct     Info     Mean      Gmd      .05      .10      .25 
  193083        0       24    0.481   0.4247   0.7457        0        0        0 
     .50      .75      .90      .95 
       0        0        1        3 

lowest :  0  1  2  3  4, highest: 19 21 22 27 32
-----------------------------------------------------------------------------------
mttarjeta_master_debitos_automaticos 
       n  missing distinct     Info     Mean      Gmd      .05      .10      .25 
  193083        0    24379    0.482    392.9    726.5        0        0        0 
     .50      .75      .90      .95 
       0        0     1003     2292 

lowest :     0.00     0.97     1.15     1.17     1.46
highest: 64146.60 74146.66 77928.23 78285.32 80449.20
-----------------------------------------------------------------------------------
tpagodeservicios 
       n  missing distinct     Info     Mean      Gmd      .05      .10      .25 
  193083        0       42     0.31   0.3141   0.5866        0        0        0 
     .50      .75      .90      .95 
       0        0        1        2 

lowest :  0  1  2  3  4, highest: 41 49 56 58 74
-----------------------------------------------------------------------------------
mpagodeservicios 
       n  missing distinct     Info     Mean      Gmd      .05      .10      .25 
  193083        0    16551     0.31     1797     3557      0.0      0.0      0.0 
     .50      .75      .90      .95 
     0.0      0.0    128.7   1375.8 

lowest :       0.00       0.07       0.11       0.40       0.67
highest: 4716662.59 5017488.24 5176777.56 5460019.70 7543472.97
-----------------------------------------------------------------------------------
tpagomiscuentas 
       n  missing distinct     Info     Mean      Gmd      .05      .10      .25 
  193083        0       62    0.774    1.767    2.736        0        0        0 
     .50      .75      .90      .95 
       0        2        6        8 

lowest :   0   1   2   3   4, highest:  71  77  81  99 439
-----------------------------------------------------------------------------------
mpagomiscuentas 
       n  missing distinct     Info     Mean      Gmd      .05      .10      .25 
  193083        0    65633    0.776     3441     6035        0        0        0 
     .50      .75      .90      .95 
       0     1935     8460    15677 

lowest :       0.00       0.01       0.03       0.37       0.44
highest: 1462975.35 1745187.95 1907361.88 2222644.49 2727729.52
-----------------------------------------------------------------------------------
ccajeros_propios_descuentos 
       n  missing distinct     Info     Mean      Gmd      .05      .10      .25 
  193083        0       32    0.227   0.1406   0.2658        0        0        0 
     .50      .75      .90      .95 
       0        0        0        1 

lowest :  0  1  2  3  4, highest: 28 31 32 34 37
-----------------------------------------------------------------------------------
mcajeros_propios_descuentos 
       n  missing distinct     Info     Mean      Gmd      .05      .10      .25 
  193083        0     5638    0.186    9.551    18.52     0.00     0.00     0.00 
     .50      .75      .90      .95 
    0.00     0.00     0.00    39.54 

lowest :    0.00    0.01    0.30    0.42    0.44, highest: 3437.53 3500.56 4250.02 4252.95 5156.27
-----------------------------------------------------------------------------------
ctarjeta_visa_descuentos 
       n  missing distinct     Info     Mean      Gmd      .05      .10      .25 
  193083        0       19    0.409   0.2467   0.4353        0        0        0 
     .50      .75      .90      .95 
       0        0        1        2 
                                                                                
Value           0      1      2      3      4      5      6      7      8      9
Frequency  161939  21241   6251   2148    821    350    157     75     47     19
Proportion  0.839  0.110  0.032  0.011  0.004  0.002  0.001  0.000  0.000  0.000
                                                                         
Value          10     11     12     13     14     15     16     17     20
Frequency      16     10      1      2      2      1      1      1      1
Proportion  0.000  0.000  0.000  0.000  0.000  0.000  0.000  0.000  0.000
-----------------------------------------------------------------------------------
mtarjeta_visa_descuentos 
       n  missing distinct     Info     Mean      Gmd      .05      .10      .25 
  193083        0     7359    0.196    31.38    61.45      0.0      0.0      0.0 
     .50      .75      .90      .95 
     0.0      0.0      0.0     65.6 

lowest :     0.00     0.01     1.17     4.09     4.21
highest: 21683.02 22584.74 23189.31 31499.18 34225.99
-----------------------------------------------------------------------------------
ctarjeta_master_descuentos 
       n  missing distinct     Info     Mean      Gmd      .05      .10      .25 
  193083        0       12    0.127  0.06153   0.1189        0        0        0 
     .50      .75      .90      .95 
       0        0        0        0 
                                                                                
Value           0      1      2      3      4      5      6      7      8      9
Frequency  184554   6405   1426    410    162     68     28     15      8      3
Proportion  0.956  0.033  0.007  0.002  0.001  0.000  0.000  0.000  0.000  0.000
                        
Value          10     12
Frequency       3      1
Proportion  0.000  0.000
-----------------------------------------------------------------------------------
mtarjeta_master_descuentos 
       n  missing distinct     Info     Mean      Gmd      .05      .10      .25 
  193083        0     2458     0.05    7.869    15.66        0        0        0 
     .50      .75      .90      .95 
       0        0        0        0 

lowest :     0.00     0.11     5.14     5.25     5.26
highest: 13667.96 16863.21 17550.00 17551.46 31034.26
-----------------------------------------------------------------------------------
ccuenta_descuentos 
       n  missing distinct     Info     Mean      Gmd 
  193083        0        1        0        0        0 
                 
Value           0
Frequency  193083
Proportion      1
-----------------------------------------------------------------------------------
mcuenta_descuentos 
       n  missing distinct     Info     Mean      Gmd 
  193083        0        1        0        0        0 
                 
Value           0
Frequency  193083
Proportion      1
-----------------------------------------------------------------------------------
ccomisiones_mantenimiento 
       n  missing distinct     Info     Mean      Gmd      .05      .10      .25 
  193083        0       17    0.696   0.6907    0.499        0        0        0 
     .50      .75      .90      .95 
       1        1        1        1 
                                                                                
Value           0      1      2      3      4      5      6      7      8      9
Frequency   64900 124171   3281    573     87     31     10      7     11      5
Proportion  0.336  0.643  0.017  0.003  0.000  0.000  0.000  0.000  0.000  0.000
                                                           
Value          11     12     19     20     26     30     41
Frequency       1      1      1      1      1      1      1
Proportion  0.000  0.000  0.000  0.000  0.000  0.000  0.000
-----------------------------------------------------------------------------------
mcomisiones_mantenimiento 
       n  missing distinct     Info     Mean      Gmd      .05      .10      .25 
  193083        0     1290    0.953    224.6    265.6     0.00     0.00     0.00 
     .50      .75      .90      .95 
   53.82   414.91   594.92   594.92 

lowest : -6388.85 -4382.09 -3448.78 -3276.33 -2574.00
highest:  2008.53  2516.45  2547.87  2663.70  3130.00
-----------------------------------------------------------------------------------
ccomisiones_otras 
       n  missing distinct     Info     Mean      Gmd      .05      .10      .25 
  193083        0      119    0.991    11.53    6.408        2        4        8 
     .50      .75      .90      .95 
      11       15       18       21 

lowest :   0   1   2   3   4, highest: 139 140 141 151 156
-----------------------------------------------------------------------------------
mcomisiones_otras 
       n  missing distinct     Info     Mean      Gmd      .05      .10      .25 
  193083        0    96516        1    626.6    584.6    27.43    85.86   235.28 
     .50      .75      .90      .95 
  485.88   793.29  1237.95  1637.25 

lowest : -6084.76 -4934.84 -4910.29 -4457.78 -4421.16
highest: 51320.02 55130.99 57752.55 72078.45 74862.57
-----------------------------------------------------------------------------------
tcambio_monedas 
       n  missing distinct     Info     Mean      Gmd      .05      .10      .25 
  193083        0       21    0.333   0.1962   0.3565        0        0        0 
     .50      .75      .90      .95 
       0        0        1        1 

lowest :  0  1  2  3  4, highest: 16 17 18 20 22
-----------------------------------------------------------------------------------
ccambio_monedas_compra 
       n  missing distinct     Info     Mean      Gmd      .05      .10      .25 
  193083        0       15    0.117  0.06191   0.1201        0        0        0 
     .50      .75      .90      .95 
       0        0        0        0 
                                                                                
Value           0      1      2      3      4      5      6      7      8      9
Frequency  185249   5417   1487    539    205    100     41     21     10      7
Proportion  0.959  0.028  0.008  0.003  0.001  0.001  0.000  0.000  0.000  0.000
                                             
Value          10     11     13     16     17
Frequency       1      3      1      1      1
Proportion  0.000  0.000  0.000  0.000  0.000
-----------------------------------------------------------------------------------
mcambio_monedas_compra 
       n  missing distinct     Info     Mean      Gmd      .05      .10      .25 
  193083        0     2796    0.117    104.7    207.3        0        0        0 
     .50      .75      .90      .95 
       0        0        0        0 
                                                                                  
Value            0   20000   40000   60000   80000  100000  120000  140000  200000
Frequency   192768     255      36       9       3       1       4       3       1
Proportion   0.998   0.001   0.000   0.000   0.000   0.000   0.000   0.000   0.000
                                  
Value       220000  800000 1720000
Frequency        1       1       1
Proportion   0.000   0.000   0.000
-----------------------------------------------------------------------------------
ccambio_monedas_venta 
       n  missing distinct     Info     Mean      Gmd      .05      .10      .25 
  193083        0       20    0.253   0.1343   0.2498        0        0        0 
     .50      .75      .90      .95 
       0        0        0        1 
                                                                                
Value           0      1      2      3      4      5      6      7      8      9
Frequency  175135  13053   3297    984    301    135     65     36     26     16
Proportion  0.907  0.068  0.017  0.005  0.002  0.001  0.000  0.000  0.000  0.000
                                                                                
Value          10     11     12     13     14     15     17     18     20     22
Frequency      12      7      2      2      3      2      1      2      2      2
Proportion  0.000  0.000  0.000  0.000  0.000  0.000  0.000  0.000  0.000  0.000
-----------------------------------------------------------------------------------
mcambio_monedas_venta 
       n  missing distinct     Info     Mean      Gmd      .05      .10      .25 
  193083        0     6340    0.254    266.2    517.8        0        0        0 
     .50      .75      .90      .95 
       0        0        0      936 

lowest :      0.00      0.05      0.15      0.19      0.29
highest: 297156.60 322380.03 351000.00 386100.00 628285.98
-----------------------------------------------------------------------------------
ctransferencias_recibidas 
       n  missing distinct     Info     Mean      Gmd 
  193083        0        9    0.004 0.002481 0.004957 
                                                                         
Value           0      1      2      3      4      5      6      7     10
Frequency  192798    179     65     19     12      4      3      1      2
Proportion  0.999  0.001  0.000  0.000  0.000  0.000  0.000  0.000  0.000
-----------------------------------------------------------------------------------
mtransferencias_recibidas 
       n  missing distinct     Info     Mean      Gmd      .05      .10      .25 
  193083        0      160    0.004    25.65    51.28        0        0        0 
     .50      .75      .90      .95 
       0        0        0        0 

lowest :      0.00     35.10     83.84    182.59    234.00
highest: 111150.00 127257.39 140400.00 297531.00 366956.46
-----------------------------------------------------------------------------------
ctransferencias_emitidas 
       n  missing distinct     Info     Mean      Gmd      .05      .10      .25 
  193083        0       53    0.607   0.6026    1.007        0        0        0 
     .50      .75      .90      .95 
       0        1        2        3 

lowest :   0   1   2   3   4, highest:  62  63  90  95 171
-----------------------------------------------------------------------------------
mtransferencias_emitidas 
       n  missing distinct     Info     Mean      Gmd      .05      .10      .25 
  193083        0    22286    0.609     4102     7431      0.0      0.0      0.0 
     .50      .75      .90      .95 
     0.0    877.5   9671.0  19104.4 

lowest :       0.00       0.03       1.17       1.35       1.67
highest: 1180864.21 1260090.00 1404000.00 1475704.97 1704113.41
-----------------------------------------------------------------------------------
cextraccion_autoservicio 
       n  missing distinct     Info     Mean      Gmd      .05      .10      .25 
  193083        0       56    0.909    3.074    4.109        0        0        0 
     .50      .75      .90      .95 
       1        5        9       11 

lowest :  0  1  2  3  4, highest: 53 54 55 59 62
-----------------------------------------------------------------------------------
mextraccion_autoservicio 
       n  missing distinct     Info     Mean      Gmd      .05      .10      .25 
  193083        0     1031    0.911     6578     9173        0        0        0 
     .50      .75      .90      .95 
    1755    10530    19305    25740 

lowest :      0.0    117.0    175.5    234.0    292.5
highest: 231660.0 264420.0 266526.0 269100.0 292500.0
-----------------------------------------------------------------------------------
ccheques_depositados 
       n  missing distinct     Info     Mean      Gmd      .05      .10      .25 
  193083        0       73    0.272   0.3157   0.6008        0        0        0 
     .50      .75      .90      .95 
       0        0        1        2 

lowest :   0   1   2   3   4, highest: 108 117 162 285 293
-----------------------------------------------------------------------------------
mcheques_depositados 
       n  missing distinct     Info     Mean      Gmd      .05      .10      .25 
  193083        0    13667    0.273     5349    10378      0.0      0.0      0.0 
     .50      .75      .90      .95 
     0.0      0.0    526.5  18604.7 

lowest :       0.00      93.60      99.45     129.87     140.40
highest: 3851976.14 5291704.61 5428387.01 7440790.55 7730235.51
-----------------------------------------------------------------------------------
ccheques_emitidos 
       n  missing distinct     Info     Mean      Gmd      .05      .10      .25 
  193083        0       89     0.19   0.3158   0.6134        0        0        0 
     .50      .75      .90      .95 
       0        0        0        1 

lowest :   0   1   2   3   4, highest: 109 125 167 169 288
-----------------------------------------------------------------------------------
mcheques_emitidos 
       n  missing distinct     Info     Mean      Gmd      .05      .10      .25 
  193083        0     9198     0.19     3574     7017        0        0        0 
     .50      .75      .90      .95 
       0        0        0     5850 

lowest :       0.00      31.61      87.75     115.04     157.61
highest: 2946616.37 3073689.56 3764300.09 3937499.93 4709421.01
-----------------------------------------------------------------------------------
ccheques_depositados_rechazados 
       n  missing distinct     Info     Mean      Gmd      .05      .10      .25 
  193083        0       10    0.019 0.008157  0.01623        0        0        0 
     .50      .75      .90      .95 
       0        0        0        0 
                                                                                
Value           0      1      2      3      4      5      6      7      9     14
Frequency  191824   1062    137     38      9      5      3      2      2      1
Proportion  0.993  0.006  0.001  0.000  0.000  0.000  0.000  0.000  0.000  0.000
-----------------------------------------------------------------------------------
mcheques_depositados_rechazados 
       n  missing distinct     Info     Mean      Gmd      .05      .10      .25 
  193083        0      815    0.019      159    317.2        0        0        0 
     .50      .75      .90      .95 
       0        0        0        0 

0 (192482, 0.997), 20000 (375, 0.002), 40000 (105, 0.001), 60000 (36, 0.000),
80000 (24, 0.000), 1e+05 (21, 0.000), 120000 (10, 0.000), 140000 (8, 0.000),
160000 (4, 0.000), 180000 (2, 0.000), 2e+05 (2, 0.000), 220000 (4, 0.000), 240000
(1, 0.000), 260000 (2, 0.000), 4e+05 (1, 0.000), 440000 (1, 0.000), 540000 (2,
0.000), 780000 (1, 0.000), 1340000 (1, 0.000), 1420000 (1, 0.000)
-----------------------------------------------------------------------------------
ccheques_emitidos_rechazados 
       n  missing distinct     Info     Mean      Gmd      .05      .10      .25 
  193083        0       21    0.012  0.00767  0.01531        0        0        0 
     .50      .75      .90      .95 
       0        0        0        0 

lowest :  0  1  2  3  4, highest: 19 23 26 34 64
-----------------------------------------------------------------------------------
mcheques_emitidos_rechazados 
       n  missing distinct     Info     Mean      Gmd      .05      .10      .25 
  193083        0      505    0.012    119.2    238.1        0        0        0 
     .50      .75      .90      .95 
       0        0        0        0 

lowest :      0.00    444.60    518.31    572.75    585.00
highest: 511758.00 527670.00 594360.00 594711.00 626424.61
-----------------------------------------------------------------------------------
tcallcenter 
       n  missing distinct     Info      Sum     Mean      Gmd 
  193083        0        2     0.51    41935   0.2172     0.34 

-----------------------------------------------------------------------------------
ccallcenter_transacciones 
       n  missing distinct     Info     Mean      Gmd      .05      .10      .25 
  193083        0       75     0.52    1.074    1.902        0        0        0 
     .50      .75      .90      .95 
       0        0        4        7 

lowest :   0   1   2   3   4, highest:  90  96  99 102 136
-----------------------------------------------------------------------------------
thomebanking 
       n  missing distinct     Info      Sum     Mean      Gmd 
  193083        0        2     0.73   112215   0.5812   0.4868 

-----------------------------------------------------------------------------------
chomebanking_transacciones 
       n  missing distinct     Info     Mean      Gmd      .05      .10      .25 
  193083        0      852    0.927    57.33    76.87        0        0        0 
     .50      .75      .90      .95 
      27       86      154      209 

lowest :     0     1     2     3     4, highest:  4732  5232  5564  6839 14653
-----------------------------------------------------------------------------------
tautoservicio 
       n  missing distinct     Info     Mean      Gmd 
  193083        0        1        0        0        0 
                 
Value           0
Frequency  193083
Proportion      1
-----------------------------------------------------------------------------------
cautoservicio_transacciones 
       n  missing distinct     Info     Mean      Gmd 
  193083        0        1        0        0        0 
                 
Value           0
Frequency  193083
Proportion      1
-----------------------------------------------------------------------------------
tcajas 
       n  missing distinct     Info      Sum     Mean      Gmd 
  193083        0        2    0.659    62864   0.3256   0.4392 

-----------------------------------------------------------------------------------
tcajas_consultas 
       n  missing distinct     Info     Mean      Gmd 
  193083        0        1        0        0        0 
                 
Value           0
Frequency  193083
Proportion      1
-----------------------------------------------------------------------------------
tcajas_depositos 
       n  missing distinct     Info     Mean      Gmd      .05      .10      .25 
  193083        0       39    0.445   0.3066   0.5399        0        0        0 
     .50      .75      .90      .95 
       0        0        1        2 

lowest :  0  1  2  3  4, highest: 38 50 63 76 95
-----------------------------------------------------------------------------------
tcajas_extracciones 
       n  missing distinct     Info     Mean      Gmd      .05      .10      .25 
  193083        0       39    0.432   0.2949   0.5215        0        0        0 
     .50      .75      .90      .95 
       0        0        1        2 

lowest :   0   1   2   3   4, highest:  45  47  61  75 107
-----------------------------------------------------------------------------------
tcajas_otras 
       n  missing distinct     Info     Mean      Gmd      .05      .10      .25 
  193083        0       20    0.156  0.09269    0.178        0        0        0 
     .50      .75      .90      .95 
       0        0        0        1 
                                                                                
Value           0      1      2      3      4      5      6      7      8      9
Frequency  182484   5790   3589    633    375    115     49     16     12      2
Proportion  0.945  0.030  0.019  0.003  0.002  0.001  0.000  0.000  0.000  0.000
                                                                                
Value          10     11     12     14     16     21     25     26     27    165
Frequency       4      2      2      3      1      1      1      2      1      1
Proportion  0.000  0.000  0.000  0.000  0.000  0.000  0.000  0.000  0.000  0.000
-----------------------------------------------------------------------------------
ccajeros_propio_transacciones 
       n  missing distinct     Info     Mean      Gmd      .05      .10      .25 
  193083        0       50     0.84    1.866    2.739        0        0        0 
     .50      .75      .90      .95 
       0        3        6        8 

lowest :  0  1  2  3  4, highest: 48 50 53 55 59
-----------------------------------------------------------------------------------
mcajeros_propio 
       n  missing distinct     Info     Mean      Gmd      .05      .10      .25 
  193083        0     1039    0.842     4606     7083        0        0        0 
     .50      .75      .90      .95 
       0     5850    14742    21060 

lowest :      0.0     58.5    117.0    175.5    234.0
highest: 231660.0 264420.0 266526.0 269100.0 292500.0
-----------------------------------------------------------------------------------
ccajeros_ajenos_transacciones 
       n  missing distinct     Info     Mean      Gmd      .05      .10      .25 
  193083        0       42    0.719    1.235    1.985        0        0        0 
     .50      .75      .90      .95 
       0        1        4        6 

lowest :  0  1  2  3  4, highest: 37 39 43 44 45
-----------------------------------------------------------------------------------
mcajeros_ajenos 
       n  missing distinct     Info     Mean      Gmd      .05      .10      .25 
  193083        0      630    0.721     2036     3337        0        0        0 
     .50      .75      .90      .95 
       0     2340     7020    10881 

lowest :     0.0    58.5   117.0   175.5   234.0, highest: 67275.0 70200.0 73710.0 80730.0 86580.0
-----------------------------------------------------------------------------------
tmovimientos_ultimos90dias 
       n  missing distinct     Info     Mean      Gmd      .05      .10      .25 
  193083        0      744        1    103.3    75.95       14       25       53 
     .50      .75      .90      .95 
      91      136      190      233 

lowest :    0    1    2    3    4, highest: 1259 1317 1348 1441 1851
-----------------------------------------------------------------------------------
Master_marca_atraso 
       n  missing distinct     Info      Sum     Mean      Gmd 
  174399    18684        2     0.02     1159 0.006646   0.0132 

-----------------------------------------------------------------------------------
Master_cuenta_estado 
       n  missing distinct     Info     Mean      Gmd 
  174399    18684        4    0.008    10.01  0.02362 
                                      
Value          10     11     12     19
Frequency  173924    105    196    174
Proportion  0.997  0.001  0.001  0.001
-----------------------------------------------------------------------------------
Master_mfinanciacion_limite 
       n  missing distinct     Info     Mean      Gmd      .05      .10      .25 
  174399    18684      151    0.993    62286    60574    11056    12636    18954 
     .50      .75      .90      .95 
   25272    84997   142309   196491 

lowest :       0.00     737.10     884.52    1031.94    1105.65
highest: 3035884.04 3055542.04 3078126.96 3381158.78 4240043.19
-----------------------------------------------------------------------------------
Master_Fvencimiento 
       n  missing distinct     Info     Mean      Gmd      .05      .10      .25 
  174399    18684      146    0.999   -903.3    818.1    -2190    -2129    -1825 
     .50      .75      .90      .95 
    -576     -334     -181     -122 
                            
Value      -2900000        0
Frequency         1   174398
Proportion        0        1
-----------------------------------------------------------------------------------
Master_Finiciomora 
       n  missing distinct     Info     Mean      Gmd      .05      .10      .25 
    1159   191924       18    0.911    21.13    18.49        3        3       10 
     .50      .75      .90      .95 
      17       22       52       73 
                                                                                  
Value          1     3     8    10    15    17    22    24    31    37    50    52
Frequency     21   229     3    90    24   499    10    80    11    16     4    92
Proportion 0.018 0.198 0.003 0.078 0.021 0.431 0.009 0.069 0.009 0.014 0.003 0.079
                                              
Value         59    64    66    73    75    79
Frequency     15     1     1     6     1    56
Proportion 0.013 0.001 0.001 0.005 0.001 0.048
-----------------------------------------------------------------------------------
Master_msaldototal 
       n  missing distinct     Info     Mean      Gmd      .05      .10      .25 
  174399    18684    90665    0.923     4824     8094      0.0      0.0      0.0 
     .50      .75      .90      .95 
   247.2   4033.5  12600.0  22221.2 

lowest : -151526.27 -123249.41  -75080.12  -63994.33  -59851.86
highest:  325893.55  339939.86  342003.19  362227.76  368592.76
-----------------------------------------------------------------------------------
Master_msaldopesos 
       n  missing distinct     Info     Mean      Gmd      .05      .10      .25 
  174399    18684    89071    0.918     4362     7356      0.0      0.0      0.0 
     .50      .75      .90      .95 
   181.3   3678.7  11211.0  19944.1 

lowest : -151526.27 -123249.41  -82894.81  -77317.13  -75080.12
highest:  310350.12  315181.19  339939.86  342003.19  362227.76
-----------------------------------------------------------------------------------
Master_msaldodolares 
       n  missing distinct     Info     Mean      Gmd      .05      .10      .25 
  174399    18684     9891    0.269      462      930      0.0      0.0      0.0 
     .50      .75      .90      .95 
     0.0      0.0      0.0    389.5 

lowest : -80909.61 -37330.25 -31747.31 -26610.57 -24443.82
highest: 155529.10 170014.54 171441.05 219346.89 252208.20
-----------------------------------------------------------------------------------
Master_mconsumospesos 
       n  missing distinct     Info     Mean      Gmd      .05      .10      .25 
  100261    92822    48446     0.95     2921     4639      0.0      0.0      0.0 
     .50      .75      .90      .95 
   430.9   2787.1   7734.4  12911.4 

lowest : -31034.26 -17550.00 -16863.21 -12931.97  -8696.04
highest: 218639.98 225586.50 234616.11 260783.74 264137.60
-----------------------------------------------------------------------------------
Master_mconsumosdolares 
       n  missing distinct     Info     Mean      Gmd      .05      .10      .25 
  100261    92822     8300    0.423     54.4      105     0.00     0.00     0.00 
     .50      .75      .90      .95 
    0.00     0.00    14.02   191.97 

lowest :     0.00     0.05     0.18     0.35     0.46
highest: 10339.24 10992.34 13560.40 14063.94 16414.10
-----------------------------------------------------------------------------------
Master_mlimitecompra 
       n  missing distinct     Info     Mean      Gmd      .05      .10      .25 
  174399    18684       93    0.993    68979    66697    12285    14040    21060 
     .50      .75      .90      .95 
   28080    94441   158121   218332 

lowest :    982.8   1228.5   1474.2   1719.9   1965.6
highest: 564191.8 572042.2 846331.2 851610.2 863460.0
-----------------------------------------------------------------------------------
Master_madelantopesos 
       n  missing distinct     Info     Mean      Gmd      .05      .10      .25 
  100261    92822      191    0.034    65.63    130.5        0        0        0 
     .50      .75      .90      .95 
       0        0        0        0 

lowest :     0.00   117.00   234.00   300.18   333.14
highest: 17550.00 17736.91 17966.43 22230.00 39804.95
-----------------------------------------------------------------------------------
Master_madelantodolares 
       n  missing distinct     Info     Mean      Gmd      .05      .10      .25 
  100261    92822       98    0.003   0.3763   0.7522        0        0        0 
     .50      .75      .90      .95 
       0        0        0        0 

lowest :    0.00   18.27   19.79   21.66   39.53, highest: 1122.62 1145.90 1153.62 1168.54 2588.94
-----------------------------------------------------------------------------------
Master_fultimo_cierre 
       n  missing distinct     Info     Mean      Gmd      .05      .10      .25 
  174310    18773       79    0.686      6.3    6.879        2        2        2 
     .50      .75      .90      .95 
       2        9        9       23 

lowest :    2    9   16   23   30, highest: 3236 3243 3257 3320 3355
-----------------------------------------------------------------------------------
Master_mpagado 
       n  missing distinct     Info     Mean      Gmd      .05      .10      .25 
  174399    18684     9686    0.199    448.7    871.4        0        0        0 
     .50      .75      .90      .95 
       0        0        0     1599 

lowest :      0.00      0.05      0.45      0.86      1.95
highest: 129083.02 131791.37 139279.80 168519.58 237393.00
-----------------------------------------------------------------------------------
Master_mpagospesos 
       n  missing distinct     Info     Mean      Gmd      .05      .10      .25 
  100261    92822    71434        1    -5514     7023   -19957   -13104    -6435 
     .50      .75      .90      .95 
   -2645     -817     -135        0 

lowest : -428672.95 -404388.85 -278743.87 -257390.25 -247148.34
highest:     234.00    4480.07    8021.02   13769.60   31250.70
-----------------------------------------------------------------------------------
Master_mpagosdolares 
       n  missing distinct     Info     Mean      Gmd      .05      .10      .25 
  100261    92822     7338    0.349    42.16    81.97     0.00     0.00     0.00 
     .50      .75      .90      .95 
    0.00     0.00    11.68   107.04 

lowest :     0.00     0.01     0.02     0.03     0.04
highest: 12272.62 12778.26 13010.75 17964.62 20531.05
-----------------------------------------------------------------------------------
Master_fechaalta 
       n  missing distinct     Info     Mean      Gmd      .05      .10      .25 
  174399    18684     3745        1     2186     1723      163      333      906 
     .50      .75      .90      .95 
    1976     3256     4204     5531 

lowest :    2    3    4    5    8, highest: 5919 5920 5940 5944 5959
-----------------------------------------------------------------------------------
Master_mconsumototal 
       n  missing distinct     Info     Mean      Gmd      .05      .10      .25 
  100261    92822    48446     0.95     2921     4639      0.0      0.0      0.0 
     .50      .75      .90      .95 
   430.9   2787.1   7734.4  12911.4 

lowest : -31034.26 -17550.00 -16863.21 -12931.97  -8696.04
highest: 218639.98 225586.50 234616.11 260783.74 264137.60
-----------------------------------------------------------------------------------
Master_tconsumos 
       n  missing distinct     Info     Mean      Gmd      .05      .10      .25 
  100261    92822       81    0.939    2.707     3.76        0        0        0 
     .50      .75      .90      .95 
       1        3        7       11 

lowest :   0   1   2   3   4, highest:  82  89  90  98 100
-----------------------------------------------------------------------------------
Master_tadelantosefectivo 
       n  missing distinct     Info     Mean      Gmd      .05      .10      .25 
  100261    92822       17    0.034  0.03758  0.07465        0        0        0 
     .50      .75      .90      .95 
       0        0        0        0 
                                                                                  
Value          0     1     2     3     4     5     6     7     8     9    10    11
Frequency  99095   353   297   175    80    50    38    32    74    44    11     3
Proportion 0.988 0.004 0.003 0.002 0.001 0.000 0.000 0.000 0.001 0.000 0.000 0.000
                                        
Value         12    13    14    15    33
Frequency      2     1     2     3     1
Proportion 0.000 0.000 0.000 0.000 0.000
-----------------------------------------------------------------------------------
Master_mpagominimo 
       n  missing distinct     Info     Mean      Gmd      .05      .10      .25 
  174399    18684     2245    0.872    672.7     1175      0.0      0.0      0.0 
     .50      .75      .90      .95 
     0.0    374.4   1322.1   2925.0 

lowest :      0.00      0.01      0.17      0.35      0.36
highest: 167216.40 186825.60 192137.40 226851.30 248484.60
-----------------------------------------------------------------------------------
Visa_marca_atraso 
       n  missing distinct     Info      Sum     Mean      Gmd 
  189280     3803        2    0.023     1471 0.007772  0.01542 

-----------------------------------------------------------------------------------
Visa_cuenta_estado 
       n  missing distinct     Info     Mean      Gmd 
  189280     3803        4    0.009    10.01  0.02502 
                                      
Value          10     11     12     19
Frequency  188694    158    234    194
Proportion  0.997  0.001  0.001  0.001
-----------------------------------------------------------------------------------
Visa_mfinanciacion_limite 
       n  missing distinct     Info     Mean      Gmd      .05      .10      .25 
  189280     3803      222    0.995    72791    69510    12636    18954    22113 
     .50      .75      .90      .95 
   37908   112271   170767   219556 

lowest :       0.00     335.79     420.03     504.27     589.68
highest: 4095000.00 4213759.62 4240043.19 4267472.13 5850000.00
-----------------------------------------------------------------------------------
Visa_Fvencimiento 
       n  missing distinct     Info     Mean      Gmd      .05      .10      .25 
  189280     3803      160        1   -15635    29256    -2891    -2799    -2463 
     .50      .75      .90      .95 
   -1856     -515     -242     -122 
                            
Value      -2900000        0
Frequency       918   188362
Proportion    0.005    0.995
-----------------------------------------------------------------------------------
Visa_Finiciomora 
       n  missing distinct     Info     Mean      Gmd      .05      .10      .25 
    1471   191612       16    0.867    26.78    16.85       11       11       18 
     .50      .75      .90      .95 
      18       25       53       74 
                                                                                  
Value          9    11    16    18    23    25    36    38    51    53    60    74
Frequency     15   153    57   742    10   185     3    22    10   150    43    11
Proportion 0.010 0.104 0.039 0.504 0.007 0.126 0.002 0.015 0.007 0.102 0.029 0.007
                                  
Value         78    80    88   116
Frequency      5    60     4     1
Proportion 0.003 0.041 0.003 0.001
-----------------------------------------------------------------------------------
Visa_msaldototal 
       n  missing distinct     Info     Mean      Gmd      .05      .10      .25 
  189280     3803   166609        1    11760    14468        0      154     2317 
     .50      .75      .90      .95 
    6202    13709    26639    40422 

lowest :  -60567.24  -54689.55  -54094.38  -41453.76  -38320.30
highest:  924254.01  925369.49  988211.85 1107722.61 1380829.68
-----------------------------------------------------------------------------------
Visa_msaldopesos 
       n  missing distinct     Info     Mean      Gmd      .05      .10      .25 
  189280     3803   165505        1    12515    15330      0.0    135.4   2526.0 
     .50      .75      .90      .95 
  6757.1  14615.8  28053.2  41391.8 

lowest :  -77394.75  -70863.67  -63290.42  -61465.18  -60442.14
highest: 1081377.19 1082682.30 1156207.86 1296035.45 1615570.72
-----------------------------------------------------------------------------------
Visa_msaldodolares 
       n  missing distinct     Info     Mean      Gmd      .05      .10      .25 
  189280     3803    23222    0.606     1247     2413     0.00     0.00     0.00 
     .50      .75      .90      .95 
    0.00    61.55   899.43  5723.19 

lowest : -64024.24 -45493.36 -44453.97 -37115.14 -33543.61
highest: 251688.84 255594.84 261214.80 300713.61 384659.36
-----------------------------------------------------------------------------------
Visa_mconsumospesos 
       n  missing distinct     Info     Mean      Gmd      .05      .10      .25 
  175643    17440   132598    0.999     6261     8287      0.0      0.0    653.1 
     .50      .75      .90      .95 
  2796.8   7356.4  15463.7  23482.4 

lowest :  -19281.41  -19189.68  -18889.12  -18816.81  -17124.77
highest:  351181.35  373576.55  390904.85  783163.40 1142436.73
-----------------------------------------------------------------------------------
Visa_mconsumosdolares 
       n  missing distinct     Info     Mean      Gmd      .05      .10      .25 
  175643    17440    21727     0.75    90.37    169.9      0.0      0.0      0.0 
     .50      .75      .90      .95 
     0.0     11.2    104.4    441.0 

lowest :     0.00     0.01     0.02     0.03     0.04
highest: 16744.15 16993.89 16999.87 19561.76 25019.66
-----------------------------------------------------------------------------------
Visa_mlimitecompra 
       n  missing distinct     Info     Mean      Gmd      .05      .10      .25 
  189280     3803      144    0.995    80572    76428    14040    21060    24570 
     .50      .75      .90      .95 
   42120   124761   189745   243951 

lowest :     672.75     840.93     982.80    1009.12    1177.31
highest: 2767564.80 3228825.60 3510000.00 4095000.00 5850000.00
-----------------------------------------------------------------------------------
Visa_madelantopesos 
       n  missing distinct     Info     Mean      Gmd      .05      .10      .25 
  175643    17440      547    0.036    62.41      124        0        0        0 
     .50      .75      .90      .95 
       0        0        0        0 

lowest :     0.00   117.00   122.06   123.03   231.18
highest: 19305.00 19890.00 20475.00 21060.00 23400.00
-----------------------------------------------------------------------------------
Visa_madelantodolares 
       n  missing distinct     Info     Mean      Gmd      .05      .10      .25 
  175643    17440      419    0.008    0.896    1.789        0        0        0 
     .50      .75      .90      .95 
       0        0        0        0 

lowest :    0.00    8.00    8.04   15.24   16.02, highest: 1159.16 1160.04 1163.65 1163.85 1173.01
-----------------------------------------------------------------------------------
Visa_fultimo_cierre 
       n  missing distinct     Info     Mean      Gmd      .05      .10      .25 
  189213     3870       59    0.715    6.397    6.805        2        2        2 
     .50      .75      .90      .95 
       2        9        9       23 

lowest :    2    9   23   30   37, highest: 3166 3229 3257 3292 3362
-----------------------------------------------------------------------------------
Visa_mpagado 
       n  missing distinct     Info     Mean      Gmd      .05      .10      .25 
  189280     3803    13946    0.256     1068     2043        0        0        0 
     .50      .75      .90      .95 
       0        0        0     6476 

lowest :      0.00      0.35      1.00      1.76      2.42
highest: 309795.45 349700.29 351504.21 358012.96 435231.14
-----------------------------------------------------------------------------------
Visa_mpagospesos 
       n  missing distinct     Info     Mean      Gmd      .05      .10      .25 
  175643    17440   138261        1   -11418    12453   -36481   -25510   -14040 
     .50      .75      .90      .95 
   -7036    -3120    -1043     -294 

lowest : -544949.43 -376044.04 -364059.86 -359286.65 -345150.00
highest:       0.00    1404.00    3233.00    3455.96    7624.04
-----------------------------------------------------------------------------------
Visa_mpagosdolares 
       n  missing distinct     Info     Mean      Gmd      .05      .10      .25 
  175643    17440    17815    0.549    78.25    149.4     0.00     0.00     0.00 
     .50      .75      .90      .95 
    0.00     0.00    46.91   351.32 

lowest :     0.00     0.01     0.02     0.03     0.04
highest: 14300.91 14572.43 14820.15 17308.89 19283.24
-----------------------------------------------------------------------------------
Visa_fechaalta 
       n  missing distinct     Info     Mean      Gmd      .05      .10      .25 
  189280     3803     5801        1     2783     2142      215      417     1222 
     .50      .75      .90      .95 
    2566     3872     5737     6799 

lowest :     2     3     4     5     8, highest: 10862 10868 10874 10887 10985
-----------------------------------------------------------------------------------
Visa_mconsumototal 
       n  missing distinct     Info     Mean      Gmd      .05      .10      .25 
  175643    17440   132598    0.999     6261     8287      0.0      0.0    653.1 
     .50      .75      .90      .95 
  2796.8   7356.4  15463.7  23482.4 

lowest :  -19281.41  -19189.68  -18889.12  -18816.81  -17124.77
highest:  351181.35  373576.55  390904.85  783163.40 1142436.73
-----------------------------------------------------------------------------------
Visa_tconsumos 
       n  missing distinct     Info     Mean      Gmd      .05      .10      .25 
  175643    17440      134    0.994     7.56    8.359        0        0        2 
     .50      .75      .90      .95 
       5       10       18       25 

lowest :   0   1   2   3   4, highest: 147 150 151 163 188
-----------------------------------------------------------------------------------
Visa_tadelantosefectivo 
       n  missing distinct     Info     Mean      Gmd      .05      .10      .25 
  175643    17440       19    0.036  0.03361  0.06673        0        0        0 
     .50      .75      .90      .95 
       0        0        0        0 
                                                                                
Value           0      1      2      3      4      5      6      7      8      9
Frequency  173529    750    547    310    170     90     64     52     36     60
Proportion  0.988  0.004  0.003  0.002  0.001  0.001  0.000  0.000  0.000  0.000
                                                                         
Value          10     11     12     13     14     15     17     18     21
Frequency       8     13      5      2      2      2      1      1      1
Proportion  0.000  0.000  0.000  0.000  0.000  0.000  0.000  0.000  0.000
-----------------------------------------------------------------------------------
Visa_mpagominimo 
       n  missing distinct     Info     Mean      Gmd      .05      .10      .25 
  189280     3803     3439    0.998     1778     2625      0.0      0.0    198.9 
     .50      .75      .90      .95 
   585.0   1357.2   3790.8   7289.1 

lowest :       0.00       0.01       0.17       0.35      11.33
highest:  695068.92  709569.90  977529.15 1041964.56 1458110.16
-----------------------------------------------------------------------------------
clase_ternaria 
       n  missing distinct 
  193083        0        3 
                                     
Value        BAJA+1   BAJA+2 CONTINUA
Frequency       634      731   191718
Proportion    0.003    0.004    0.993
-----------------------------------------------------------------------------------
clase_binaria 
       n  missing distinct 
  193083        0        2 
                        
Value           0      1
Frequency  191718   1365
Proportion  0.993  0.007
-----------------------------------------------------------------------------------
