dataset 

 170  Variables      239006  Observations
--------------------------------------------------------------------------------
foto_mes 
       n  missing distinct     Info     Mean      Gmd 
  239006        0        1        0   201805        0 
                 
Value      201805
Frequency  239006
Proportion      1
--------------------------------------------------------------------------------
marketing_activo_ultimos90dias 
       n  missing distinct     Info      Sum     Mean      Gmd 
  239006        0        2    0.045   235394   0.9849  0.02977 

--------------------------------------------------------------------------------
cliente_vip 
       n  missing distinct     Info      Sum     Mean      Gmd 
  239006        0        2    0.033     2637  0.01103  0.02182 

--------------------------------------------------------------------------------
internet 
       n  missing distinct     Info      Sum     Mean      Gmd 
  239006        0        2    0.282   213924   0.8951   0.1879 

--------------------------------------------------------------------------------
cliente_edad 
       n  missing distinct     Info     Mean      Gmd      .05      .10 
  239006        0       83    0.999    46.37    14.29       28       31 
     .25      .50      .75      .90      .95 
      37       45       55       64       69 

lowest :  18  19  20  21  22, highest:  96  97  98  99 102
--------------------------------------------------------------------------------
cliente_antiguedad 
       n  missing distinct     Info     Mean      Gmd      .05      .10 
  239006        0      289        1      125    91.22       14       24 
     .25      .50      .75      .90      .95 
      59      118      172      246      288 

lowest :   1   2   3   4   5, highest: 285 286 287 288 341
--------------------------------------------------------------------------------
mrentabilidad 
       n  missing distinct     Info     Mean      Gmd      .05      .10 
  239006        0   170423        1     1984     2360    23.09   187.86 
     .25      .50      .75      .90      .95 
  594.16  1146.91  2132.65  4050.32  6293.50 
                                                                          
Value      -450000 -250000 -150000 -100000  -50000       0   50000  100000
Frequency        1       1       1       2       8  238158     783      33
Proportion   0.000   0.000   0.000   0.000   0.000   0.996   0.003   0.000
                                                                  
Value       150000  250000  300000  350000  450000  500000 3750000
Frequency        8       2       3       2       1       2       1
Proportion   0.000   0.000   0.000   0.000   0.000   0.000   0.000
--------------------------------------------------------------------------------
mrentabilidad_annual 
       n  missing distinct     Info     Mean      Gmd      .05      .10 
  239006        0   229709        1    21650    20703     2542     4642 
     .25      .50      .75      .90      .95 
    8745    14976    25261    42603    60529 

lowest : -4655243.5  -523757.6  -485299.1  -368387.5  -361488.6
highest:  1795992.9  1850166.4  2160556.2  2234689.5  3796905.1
--------------------------------------------------------------------------------
mcomisiones 
       n  missing distinct     Info     Mean      Gmd      .05      .10 
  239006        0   126552        1    928.8     1048    13.41    74.74 
     .25      .50      .75      .90      .95 
  246.89   623.83  1072.69  1774.42  2570.64 
                                                                          
Value      -100000  -50000       0   50000  100000  150000  200000  250000
Frequency        1       4  238817     164      13       1       1       2
Proportion   0.000   0.000   0.999   0.001   0.000   0.000   0.000   0.000
                                  
Value       300000  500000 3750000
Frequency        1       1       1
Proportion   0.000   0.000   0.000
--------------------------------------------------------------------------------
mactivos_margen 
       n  missing distinct     Info     Mean      Gmd      .05      .10 
  239006        0   129164        1    109.5    802.7  -817.99  -523.17 
     .25      .50      .75      .90      .95 
 -210.32   -11.09   251.13   859.08  1316.68 

lowest : -384096.31 -219260.75 -121757.54  -91856.94  -62830.59
highest:   50024.81   55410.58   57853.46  177782.07  268621.74
--------------------------------------------------------------------------------
mpasivos_margen 
       n  missing distinct     Info     Mean      Gmd      .05      .10 
  239006        0   110534        1    792.1     1222     0.00     1.13 
     .25      .50      .75      .90      .95 
   39.54   194.86   695.51  1919.09  3349.00 

lowest : -17158.02  -5420.60  -3519.11  -3253.51  -2590.54
highest: 123771.71 136504.17 222881.54 273799.88 443323.01
--------------------------------------------------------------------------------
marketing_coss_selling 
       n  missing distinct     Info     Mean      Gmd      .05      .10 
  239006        0       17    0.961    7.897    1.847        6        6 
     .25      .50      .75      .90      .95 
       7        8        9       10       11 
                                                                            
Value          3     4     5     6     7     8     9    10    11    12    13
Frequency     24  1698  5892 40336 64250 52972 34412 20434 10840  5049  2109
Proportion 0.000 0.007 0.025 0.169 0.269 0.222 0.144 0.085 0.045 0.021 0.009
                                              
Value         14    15    16    17    18    19
Frequency    717   186    56    19     9     3
Proportion 0.003 0.001 0.000 0.000 0.000 0.000
--------------------------------------------------------------------------------
tpaquete1 
       n  missing distinct     Info     Mean      Gmd 
  239006        0        1        0        1        0 
                 
Value           1
Frequency  239006
Proportion      1
--------------------------------------------------------------------------------
tpaquete2 
       n  missing distinct     Info     Mean      Gmd 
  239006        0        1        0        0        0 
                 
Value           0
Frequency  239006
Proportion      1
--------------------------------------------------------------------------------
tpaquete3 
       n  missing distinct     Info     Mean      Gmd 
  239006        0        1        0        0        0 
                 
Value           0
Frequency  239006
Proportion      1
--------------------------------------------------------------------------------
tpaquete4 
       n  missing distinct     Info     Mean      Gmd 
  239006        0        1        0        0        0 
                 
Value           0
Frequency  239006
Proportion      1
--------------------------------------------------------------------------------
tpaquete5 
       n  missing distinct     Info     Mean      Gmd 
  239006        0        1        0        0        0 
                 
Value           0
Frequency  239006
Proportion      1
--------------------------------------------------------------------------------
tpaquete6 
       n  missing distinct     Info     Mean      Gmd 
  239006        0        1        0        0        0 
                 
Value           0
Frequency  239006
Proportion      1
--------------------------------------------------------------------------------
tpaquete7 
       n  missing distinct     Info      Sum     Mean      Gmd 
  239006        0        2    0.035     2797   0.0117  0.02313 

--------------------------------------------------------------------------------
tpaquete8 
       n  missing distinct     Info     Mean      Gmd 
  239006        0        1        0        0        0 
                 
Value           0
Frequency  239006
Proportion      1
--------------------------------------------------------------------------------
tpaquete9 
       n  missing distinct     Info      Sum     Mean      Gmd 
  239006        0        2    0.036     2908  0.01217  0.02404 

--------------------------------------------------------------------------------
tcuentas 
       n  missing distinct     Info     Mean      Gmd 
  239006        0        2     0.02    1.007  0.01326 
                        
Value           1      2
Frequency  237411   1595
Proportion  0.993  0.007
--------------------------------------------------------------------------------
tcuenta_corriente 
       n  missing distinct     Info     Mean      Gmd 
  239006        0        4    0.013    1.004 0.008931 
                                      
Value           1      2      3      4
Frequency  237945   1051      9      1
Proportion  0.996  0.004  0.000  0.000
--------------------------------------------------------------------------------
mcuenta_corriente_Nopaquete 
       n  missing distinct     Info     Mean      Gmd      .05      .10 
  239006        0      188    0.002    37.41    75.53        0        0 
     .25      .50      .75      .90      .95 
       0        0        0        0        0 
                                                                          
Value       -20000       0   20000   40000   60000   80000  100000  120000
Frequency        1  238956      22      11       4       1       1       2
Proportion       0       1       0       0       0       0       0       0
                                                                          
Value       140000  200000  240000  360000  780000 1220000 2180000 2200000
Frequency        1       1       1       1       1       1       1       1
Proportion       0       0       0       0       0       0       0       0
--------------------------------------------------------------------------------
mcuenta_corriente_Paquete 
       n  missing distinct     Info     Mean      Gmd      .05      .10 
  239006        0   106737    0.916     2150     9345  -5097.7  -3153.2 
     .25      .50      .75      .90      .95 
  -702.8      0.0      0.0      0.0   5242.7 

lowest : -2393273.1 -1421258.2 -1176931.1  -975813.8  -893542.8
highest:  3150329.8  4391224.5  4489981.2  5044719.7  7097121.5
--------------------------------------------------------------------------------
mcuenta_corriente_dolares 
       n  missing distinct     Info     Mean      Gmd 
  239006        0        1        0        0        0 
                 
Value           0
Frequency  239006
Proportion      1
--------------------------------------------------------------------------------
tcaja_ahorro 
       n  missing distinct     Info     Mean      Gmd 
  239006        0        8    0.171    2.098   0.1863 
                                                                  
Value           2      3      4      5      6      7      8     10
Frequency  224525   6475   7389    347    249     15      4      2
Proportion  0.939  0.027  0.031  0.001  0.001  0.000  0.000  0.000
--------------------------------------------------------------------------------
mcaja_ahorro_Paquete 
        n   missing  distinct      Info      Mean       Gmd       .05       .10 
   239006         0    208193     0.999     32220     48753      0.00     35.45 
      .25       .50       .75       .90       .95 
  1789.90   8592.44  27789.28  74672.32 131551.04 

lowest :     -543.62     -412.13     -307.73     -279.63     -242.35
highest:  5346319.36  6327744.09  7272012.30  7837679.64 10208339.03
--------------------------------------------------------------------------------
mcaja_ahorro_Nopaquete 
       n  missing distinct     Info     Mean      Gmd      .05      .10 
  239006        0     4322    0.056    468.6    933.2        0        0 
     .25      .50      .75      .90      .95 
       0        0        0        0        0 

lowest :  -10366.93   -1080.29    -598.57    -467.25    -261.88
highest:  759678.88  778647.91  893543.49 1110908.79 1292207.02
--------------------------------------------------------------------------------
mcaja_ahorro_dolares 
        n   missing  distinct      Info      Mean       Gmd       .05       .10 
   239006         0     70625     0.906     90984    169168      0.00      0.00 
      .25       .50       .75       .90       .95 
     0.00      2.34  11864.86 152828.02 400285.92 

lowest :  -165344.80   -87273.83   -44036.79   -25340.93   -16551.38
highest: 38808177.47 40418828.44 57790016.56 60252044.54 74111835.41
--------------------------------------------------------------------------------
mdescubierto_preacordado 
       n  missing distinct     Info     Mean      Gmd 
  239006        0        2    0.075     1.14  0.05867 
                        
Value        0.00   1.17
Frequency    6151 232855
Proportion  0.026  0.974
--------------------------------------------------------------------------------
mcuentas_saldo 
        n   missing  distinct      Info      Mean       Gmd       .05       .10 
   239006         0    230500         1    133819    233672  -6109.96  -3391.12 
      .25       .50       .75       .90       .95 
    48.82  15091.85  73684.63 258590.59 544137.80 

-5e+06 (1, 0.000), 0 (237355, 0.993), 5e+06 (1409, 0.006), 1e+07 (137, 0.001),
1.5e+07 (56, 0.000), 2e+07 (19, 0.000), 2.5e+07 (10, 0.000), 3e+07 (6, 0.000),
3.5e+07 (5, 0.000), 4e+07 (2, 0.000), 5e+07 (1, 0.000), 6e+07 (2, 0.000),
7.5e+07 (1, 0.000), 2.65e+08 (1, 0.000), 3.3e+08 (1, 0.000)
--------------------------------------------------------------------------------
ttarjeta_debito 
       n  missing distinct     Info     Mean      Gmd      .05      .10 
  239006        0       13    0.608     1.34   0.5382        1        1 
     .25      .50      .75      .90      .95 
       1        1        2        2        3 
                                                                         
Value           0      1      2      3      4      5      6      7      8
Frequency     688 173381  52087   9760   2564    373    125     18      6
Proportion  0.003  0.725  0.218  0.041  0.011  0.002  0.001  0.000  0.000
                                      
Value          18     52     77    302
Frequency       1      1      1      1
Proportion  0.000  0.000  0.000  0.000
--------------------------------------------------------------------------------
ctarjeta_debito_transacciones 
       n  missing distinct     Info     Mean      Gmd      .05      .10 
  239006        0      109    0.941    5.904    8.135        0        0 
     .25      .50      .75      .90      .95 
       0        2        9       17       24 

lowest :   0   1   2   3   4, highest: 121 124 125 130 146
--------------------------------------------------------------------------------
mautoservicio 
       n  missing distinct     Info     Mean      Gmd      .05      .10 
  239006        0   119195    0.942     4911     7102        0        0 
     .25      .50      .75      .90      .95 
       0     1259     6588    14374    20792 

lowest :      0.00      0.01      0.02      0.03      0.04
highest: 172995.57 180635.36 182155.45 192213.18 224583.94
--------------------------------------------------------------------------------
ttarjeta_visa 
       n  missing distinct     Info     Mean      Gmd 
  239006        0        4    0.139   0.9883    0.095 
                                      
Value           0      1      2      3
Frequency    7228 227392   4348     38
Proportion  0.030  0.951  0.018  0.000
--------------------------------------------------------------------------------
ctarjeta_visa_transacciones 
       n  missing distinct     Info     Mean      Gmd      .05      .10 
  239006        0      194    0.997    13.81    14.99        0        0 
     .25      .50      .75      .90      .95 
       3        9       19       32       44 

lowest :   0   1   2   3   4, highest: 238 245 250 253 261
--------------------------------------------------------------------------------
mtarjeta_visa_consumo 
       n  missing distinct     Info     Mean      Gmd      .05      .10 
  239006        0   193116    0.998    14654    17934        0        0 
     .25      .50      .75      .90      .95 
    2356     8181    18102    34426    50662 

lowest :      0.00      0.58      1.01      1.17      1.40
highest: 598979.41 635357.09 648571.03 671020.01 828517.21
--------------------------------------------------------------------------------
ttarjeta_master 
       n  missing distinct     Info     Mean      Gmd 
  239006        0        4    0.339   0.8867   0.2296 
                                      
Value           0      1      2      3
Frequency   29031 208042   1917     16
Proportion  0.121  0.870  0.008  0.000
--------------------------------------------------------------------------------
ctarjeta_master_transacciones 
       n  missing distinct     Info     Mean      Gmd      .05      .10 
  239006        0      108    0.808    2.668    4.276        0        0 
     .25      .50      .75      .90      .95 
       0        0        3        8       13 

lowest :   0   1   2   3   4, highest: 112 113 116 126 180
--------------------------------------------------------------------------------
mtarjeta_master_consumo 
       n  missing distinct     Info     Mean      Gmd      .05      .10 
  239006        0    87532     0.81     3601     6105        0        0 
     .25      .50      .75      .90      .95 
       0        0     2757     9944    17595 

lowest :      0.00      0.29      0.79      1.07      1.13
highest: 362454.14 455440.75 534819.47 539723.84 800638.64
--------------------------------------------------------------------------------
cprestamos_personales 
       n  missing distinct     Info     Mean      Gmd      .05      .10 
  239006        0       58    0.701   0.7986    1.297        0        0 
     .25      .50      .75      .90      .95 
       0        0        1        2        4 

lowest :   0   1   2   3   4, highest:  56  57  58  78 109
--------------------------------------------------------------------------------
mprestamos_personales 
       n  missing distinct     Info     Mean      Gmd      .05      .10 
  239006        0    63792    0.708    34308    55502        0        0 
     .25      .50      .75      .90      .95 
       0        0    39598   130070   177569 

lowest :       0.00     106.31     118.60     194.87     197.21
highest: 1088723.38 1127957.69 1180490.41 1754355.91 1971690.41
--------------------------------------------------------------------------------
cprestamos_prendarios 
       n  missing distinct     Info     Mean      Gmd 
  239006        0        4    0.051  0.01802  0.03544 
                                      
Value           0      1      2      3
Frequency  234873   3980    132     21
Proportion  0.983  0.017  0.001  0.000
--------------------------------------------------------------------------------
mprestamos_prendarios 
       n  missing distinct     Info     Mean      Gmd      .05      .10 
  239006        0     3924     0.05     4452     8829        0        0 
     .25      .50      .75      .90      .95 
       0        0        0        0        0 

lowest :       0.00    1381.64    1776.38    2188.90    2236.74
highest: 2145308.44 2165594.34 2190885.36 2562426.18 7883781.86
--------------------------------------------------------------------------------
cprestamos_hipotecarios 
       n  missing distinct     Info     Mean      Gmd 
  239006        0        4    0.051  0.01756  0.03454 
                                      
Value           0      1      2      3
Frequency  234894   4029     80      3
Proportion  0.983  0.017  0.000  0.000
--------------------------------------------------------------------------------
mprestamos_hipotecarios 
       n  missing distinct     Info     Mean      Gmd      .05      .10 
  238995       11     3889    0.051    13756    27347        0        0 
     .25      .50      .75      .90      .95 
       0        0        0        0        0 

lowest :        0.00      510.58      688.54      796.73     1118.20
highest:  7610394.57  7623040.68  7708625.22  9033371.62 10647000.00
--------------------------------------------------------------------------------
tplazo_fijo 
       n  missing distinct     Info     Mean      Gmd      .05      .10 
  239006        0       40     0.27   0.1725   0.3226        0        0 
     .25      .50      .75      .90      .95 
       0        0        0        0        1 

lowest :  0  1  2  3  4, highest: 44 46 50 58 61
--------------------------------------------------------------------------------
mplazo_fijo_dolares 
       n  missing distinct     Info     Mean      Gmd      .05      .10 
  239006        0     7552    0.263    36033    69636        0        0 
     .25      .50      .75      .90      .95 
       0        0        0        0   148590 

lowest :        0.00      584.41      585.00      593.26      595.57
highest: 14021664.64 15099577.89 15210000.00 17585100.00 18054124.92
--------------------------------------------------------------------------------
mplazo_fijo_pesos 
       n  missing distinct     Info     Mean      Gmd      .05      .10 
  239006        0     1354     0.02     4150     8284        0        0 
     .25      .50      .75      .90      .95 
       0        0        0        0        0 

lowest :        0.00    14594.28    14594.58    14594.87    14595.45
highest: 15180787.54 18096916.50 20441072.85 21857540.10 23354871.67
--------------------------------------------------------------------------------
tfondos_comunes_inversion 
       n  missing distinct     Info     Mean      Gmd      .05      .10 
  239006        0       16     0.16  0.08836   0.1696        0        0 
     .25      .50      .75      .90      .95 
       0        0        0        0        1 
                                                                         
Value           0      1      2      3      4      5      6      7      8
Frequency  225546   9103   2683    878    397    193    108     52     19
Proportion  0.944  0.038  0.011  0.004  0.002  0.001  0.000  0.000  0.000
                                                           
Value           9     10     11     12     13     16     17
Frequency       8      5      7      3      1      1      2
Proportion  0.000  0.000  0.000  0.000  0.000  0.000  0.000
--------------------------------------------------------------------------------
mfondos_comunes_inversion_pesos 
       n  missing distinct     Info     Mean      Gmd      .05      .10 
  239006        0    10645    0.131    17848    35255        0        0 
     .25      .50      .75      .90      .95 
       0        0        0        0        0 

lowest :        0.00        1.38        1.42        2.21        2.53
highest: 16503451.77 17591522.65 18306199.82 23021841.31 28754949.12
--------------------------------------------------------------------------------
mfondos_comunes_inversion_dolares 
       n  missing distinct     Info     Mean      Gmd      .05      .10 
  239006        0     4870    0.061    18989    37767        0        0 
     .25      .50      .75      .90      .95 
       0        0        0        0        0 

lowest :        0.00       29.19       31.51       31.81       33.27
highest: 26366249.95 29204450.37 33958801.64 38618467.20 57886191.16
--------------------------------------------------------------------------------
ttitulos 
       n  missing distinct     Info     Mean      Gmd      .05      .10 
  239006        0       45    0.171   0.1736   0.3364        0        0 
     .25      .50      .75      .90      .95 
       0        0        0        0        1 

lowest :  0  1  2  3  4, highest: 41 42 43 54 55
--------------------------------------------------------------------------------
mtitulos 
       n  missing distinct     Info     Mean      Gmd      .05      .10 
  239006        0    11170    0.171    52347   103643      0.0      0.0 
     .25      .50      .75      .90      .95 
     0.0      0.0      0.0      0.0    595.7 

lowest :         0.00         0.01         0.02         0.03         0.04
highest:  86149152.23  98355054.58 100062589.13 176766799.75 244544060.91
--------------------------------------------------------------------------------
tseguro_vida_mercado_abierto 
       n  missing distinct     Info     Mean      Gmd 
  239006        0        7    0.493   0.3118    0.527 
                                                           
Value           0      1      2      3      4      5      6
Frequency  190344  29857  12664   5267    833     38      3
Proportion  0.796  0.125  0.053  0.022  0.003  0.000  0.000
--------------------------------------------------------------------------------
tseguro_auto 
       n  missing distinct     Info     Mean      Gmd 
  239006        0        7    0.065  0.02458  0.04816 
                                                           
Value           0      1      2      3      4      5      6
Frequency  233699   4817    424     58      6      1      1
Proportion  0.978  0.020  0.002  0.000  0.000  0.000  0.000
--------------------------------------------------------------------------------
tseguro_vivienda 
       n  missing distinct     Info     Mean      Gmd 
  239006        0        7    0.366   0.1467   0.2531 
                                                           
Value           0      1      2      3      4      5      6
Frequency  205074  32885    979     55     10      2      1
Proportion  0.858  0.138  0.004  0.000  0.000  0.000  0.000
--------------------------------------------------------------------------------
tseguro_accidentes_personales 
       n  missing distinct     Info     Mean      Gmd 
  239006        0        5    0.453   0.1858   0.3029 
                                             
Value           0      1      2      3      4
Frequency  194710  44192    102      1      1
Proportion  0.815  0.185  0.000  0.000  0.000
--------------------------------------------------------------------------------
tcaja_seguridad 
       n  missing distinct     Info     Mean      Gmd 
  239006        0        9    0.236  0.09124   0.1677 
                                                                         
Value           0      1      2      3      4      5      6      7      8
Frequency  218477  19458    919    117     22      8      3      1      1
Proportion  0.914  0.081  0.004  0.000  0.000  0.000  0.000  0.000  0.000
--------------------------------------------------------------------------------
mbonos_corporativos 
       n  missing distinct     Info     Mean      Gmd 
  239006        0        1        0        0        0 
                 
Value           0
Frequency  239006
Proportion      1
--------------------------------------------------------------------------------
mmonedas_extranjeras 
       n  missing distinct     Info     Mean      Gmd 
  239006        0        1        0        0        0 
                 
Value           0
Frequency  239006
Proportion      1
--------------------------------------------------------------------------------
minversiones_otras 
       n  missing distinct     Info     Mean      Gmd 
  239006        0        1        0        0        0 
                 
Value           0
Frequency  239006
Proportion      1
--------------------------------------------------------------------------------
tplan_sueldo 
       n  missing distinct     Info     Mean      Gmd      .05      .10 
  239006        0       47    0.809   0.7928    1.112        0        0 
     .25      .50      .75      .90      .95 
       0        0        1        2        3 

lowest :  0  1  2  3  4, highest: 54 56 63 68 69
--------------------------------------------------------------------------------
mplan_sueldo 
       n  missing distinct     Info     Mean      Gmd      .05      .10 
  239006        0    88860     0.83    26119    38009        0        0 
     .25      .50      .75      .90      .95 
       0        0    41590    63428    85049 

lowest :  -257877.36        0.00        0.01        0.38        1.17
highest:  7490611.72  7563123.36  8481630.69  8616067.20 23786246.25
--------------------------------------------------------------------------------
mplan_sueldo_manual 
       n  missing distinct     Info     Mean      Gmd      .05      .10 
  239006        0       30        0    27.89    63.91        0        0 
     .25      .50      .75      .90      .95 
       0        0        0        0        0 

lowest : -257877.36  -49104.90  -39329.55  -36818.21  -23969.07
highest:  162296.55  186134.13 1739358.27 1991514.76 2364897.60
--------------------------------------------------------------------------------
cplan_sueldo_transaccion 
        n   missing  distinct      Info      Mean       Gmd 
   239006         0         3         0 0.0001715  0.000343 
                               
Value           0      1      2
Frequency  238973     25      8
Proportion      1      0      0
--------------------------------------------------------------------------------
tcuenta_debitos_automaticos 
       n  missing distinct     Info     Mean      Gmd      .05      .10 
  239006        0       38    0.835    1.016    1.433        0        0 
     .25      .50      .75      .90      .95 
       0        0        1        3        4 

lowest :   0   1   2   3   4, highest:  46  54  56  59 105
--------------------------------------------------------------------------------
mcuenta_debitos_automaticos 
       n  missing distinct     Info     Mean      Gmd      .05      .10 
  239006        0    66446    0.849     1829     3146        0        0 
     .25      .50      .75      .90      .95 
       0        0     1366     4882     8832 

lowest :       0.00       0.01       0.32       1.05       1.26
highest:  575682.40  725551.46  728227.56 1483039.24 1663102.26
--------------------------------------------------------------------------------
ttarjeta_visa_debitos_automaticos 
       n  missing distinct     Info     Mean      Gmd      .05      .10 
  239006        0       48    0.955    2.572    3.184        0        0 
     .25      .50      .75      .90      .95 
       0        1        4        7        9 

lowest :  0  1  2  3  4, highest: 43 44 45 50 55
--------------------------------------------------------------------------------
mttarjeta_visa_debitos_automaticos 
       n  missing distinct     Info     Mean      Gmd      .05      .10 
  239006        0   115897    0.964     3149     4536      0.0      0.0 
     .25      .50      .75      .90      .95 
     0.0    936.5   3912.7   8786.5  13230.7 

lowest :      0.00      0.01      0.05      0.25      0.32
highest: 159190.86 179138.96 185078.43 246850.49 368818.84
--------------------------------------------------------------------------------
ttarjeta_master_debitos_automaticos 
       n  missing distinct     Info     Mean      Gmd      .05      .10 
  239006        0       30    0.478   0.4906   0.8682        0        0 
     .25      .50      .75      .90      .95 
       0        0        0        2        3 

lowest :  0  1  2  3  4, highest: 25 26 27 30 33
--------------------------------------------------------------------------------
mttarjeta_master_debitos_automaticos 
       n  missing distinct     Info     Mean      Gmd      .05      .10 
  239006        0    30574    0.479    606.6     1123        0        0 
     .25      .50      .75      .90      .95 
       0        0        0     1524     3581 

lowest :      0.00      0.14      1.13      1.27      1.38
highest: 101317.70 110542.55 110954.94 111565.39 142246.75
--------------------------------------------------------------------------------
tpagodeservicios 
       n  missing distinct     Info     Mean      Gmd      .05      .10 
  239006        0       40    0.404   0.4632   0.8424        0        0 
     .25      .50      .75      .90      .95 
       0        0        0        1        3 

lowest :  0  1  2  3  4, highest: 38 39 41 51 67
--------------------------------------------------------------------------------
mpagodeservicios 
       n  missing distinct     Info     Mean      Gmd      .05      .10 
  239006        0    28807    0.404    891.3     1698        0        0 
     .25      .50      .75      .90      .95 
       0        0        0     1065     4201 

lowest :      0.00      1.17      1.27      2.00      2.15
highest: 341976.26 344143.30 378071.23 422925.90 751759.05
--------------------------------------------------------------------------------
tpagomiscuentas 
       n  missing distinct     Info     Mean      Gmd      .05      .10 
  239006        0       76    0.793    1.963    3.036        0        0 
     .25      .50      .75      .90      .95 
       0        0        3        7        9 

lowest :   0   1   2   3   4, highest:  99 101 113 140 146
--------------------------------------------------------------------------------
mpagomiscuentas 
       n  missing distinct     Info     Mean      Gmd      .05      .10 
  239006        0    84563    0.795     5892    10267        0        0 
     .25      .50      .75      .90      .95 
       0        0     3668    14114    25834 

lowest :       0.00       0.02       0.54       0.79       0.81
highest: 2464951.20 3063511.83 3862826.37 3952260.95 4382029.61
--------------------------------------------------------------------------------
ccajeros_propios_descuentos 
       n  missing distinct     Info     Mean      Gmd      .05      .10 
  239006        0       30    0.128  0.08199   0.1593        0        0 
     .25      .50      .75      .90      .95 
       0        0        0        0        0 

lowest :  0  1  2  3  4, highest: 26 27 28 29 32
--------------------------------------------------------------------------------
mcajeros_propios_descuentos 
       n  missing distinct     Info     Mean      Gmd      .05      .10 
  239006        0     4615     0.11    8.902    17.51        0        0 
     .25      .50      .75      .90      .95 
       0        0        0        0        0 

lowest :    0.00    0.01    0.17    0.23    0.25
highest: 3558.92 3790.40 4273.30 4371.82 4715.39
--------------------------------------------------------------------------------
ctarjeta_visa_descuentos 
       n  missing distinct     Info     Mean      Gmd      .05      .10 
  239006        0       16    0.255    0.137   0.2548        0        0 
     .25      .50      .75      .90      .95 
       0        0        0        0        1 
                                                                         
Value           0      1      2      3      4      5      6      7      8
Frequency  216619  16057   4103   1365    450    187    101     52     32
Proportion  0.906  0.067  0.017  0.006  0.002  0.001  0.000  0.000  0.000
                                                           
Value           9     10     11     12     13     16     17
Frequency      12     12      7      5      2      1      1
Proportion  0.000  0.000  0.000  0.000  0.000  0.000  0.000
--------------------------------------------------------------------------------
mtarjeta_visa_descuentos 
       n  missing distinct     Info     Mean      Gmd      .05      .10 
  234147     4859     9802    0.197     45.2    87.78        0        0 
     .25      .50      .75      .90      .95 
       0        0        0        0      146 

lowest :     0.00     2.93     3.61     3.74     3.94
highest: 16210.93 16376.49 23253.04 24515.96 54405.43
--------------------------------------------------------------------------------
ctarjeta_master_descuentos 
       n  missing distinct     Info     Mean      Gmd      .05      .10 
  239006        0       11     0.08   0.0362  0.07083        0        0 
     .25      .50      .75      .90      .95 
       0        0        0        0        0 
                                                                         
Value           0      1      2      3      4      5      6      7      8
Frequency  232490   5081    993    297     87     35     10      3      6
Proportion  0.973  0.021  0.004  0.001  0.000  0.000  0.000  0.000  0.000
                        
Value           9     14
Frequency       3      1
Proportion  0.000  0.000
--------------------------------------------------------------------------------
mtarjeta_master_descuentos 
       n  missing distinct     Info     Mean      Gmd      .05      .10 
  238123      883     3867    0.064    22.89    45.42        0        0 
     .25      .50      .75      .90      .95 
       0        0        0        0        0 

lowest :     0.00     7.02     9.36    10.53    11.46
highest: 27503.48 27933.39 28412.26 30877.83 35000.95
--------------------------------------------------------------------------------
ccuenta_descuentos 
       n  missing distinct     Info     Mean      Gmd 
  239006        0        1        0        0        0 
                 
Value           0
Frequency  239006
Proportion      1
--------------------------------------------------------------------------------
mcuenta_descuentos 
       n  missing distinct     Info     Mean      Gmd 
  239006        0        1        0        0        0 
                 
Value           0
Frequency  239006
Proportion      1
--------------------------------------------------------------------------------
ccomisiones_mantenimiento 
       n  missing distinct     Info     Mean      Gmd      .05      .10 
  239006        0       16    0.742   0.6174   0.5273        0        0 
     .25      .50      .75      .90      .95 
       0        1        1        1        1 
                                                                         
Value           0      1      2      3      4      5      6      7      9
Frequency   96924 137834   3490    560    117     43     14     10      3
Proportion  0.406  0.577  0.015  0.002  0.000  0.000  0.000  0.000  0.000
                                                           
Value          10     11     14     15     30     31     32
Frequency       1      3      2      2      1      1      1
Proportion  0.000  0.000  0.000  0.000  0.000  0.000  0.000
--------------------------------------------------------------------------------
mcomisiones_mantenimiento 
       n  missing distinct     Info     Mean      Gmd      .05      .10 
  239006        0     1313    0.929    302.7    400.9     0.00     0.00 
     .25      .50      .75      .90      .95 
    0.00    28.08   656.06   925.61   925.61 

lowest : -4970.44 -4770.23 -3536.06 -3436.54 -3319.43
highest:  3512.59  3828.49  3961.74  4000.12  4561.13
--------------------------------------------------------------------------------
ccomisiones_otras 
       n  missing distinct     Info     Mean      Gmd      .05      .10 
  239006        0      161    0.988    10.81    6.695        2        4 
     .25      .50      .75      .90      .95 
       6       10       14       18       21 

lowest :   0   1   2   3   4, highest: 180 186 195 202 224
--------------------------------------------------------------------------------
mcomisiones_otras 
       n  missing distinct     Info     Mean      Gmd      .05      .10 
  239006        0   126788        1    937.7     1063    13.53    74.85 
     .25      .50      .75      .90      .95 
  247.44   625.53  1076.54  1787.12  2602.27 
                                                                          
Value      -100000  -50000       0   50000  100000  150000  200000  250000
Frequency        1       4  238809     170      15       1       1       2
Proportion   0.000   0.000   0.999   0.001   0.000   0.000   0.000   0.000
                                  
Value       300000  500000 3750000
Frequency        1       1       1
Proportion   0.000   0.000   0.000
--------------------------------------------------------------------------------
tcambio_monedas 
       n  missing distinct     Info     Mean      Gmd      .05      .10 
  239006        0       36    0.443   0.3312   0.5848        0        0 
     .25      .50      .75      .90      .95 
       0        0        0        1        2 

lowest :  0  1  2  3  4, highest: 37 40 42 44 47
--------------------------------------------------------------------------------
ccambio_monedas_compra 
       n  missing distinct     Info     Mean      Gmd      .05      .10 
  239006        0       19    0.156  0.09406   0.1811        0        0 
     .25      .50      .75      .90      .95 
       0        0        0        0        1 

0 (225881, 0.945), 1 (8455, 0.035), 2 (2546, 0.011), 3 (1061, 0.004), 4 (488,
0.002), 5 (224, 0.001), 6 (136, 0.001), 7 (97, 0.000), 8 (39, 0.000), 9 (24,
0.000), 10 (23, 0.000), 11 (10, 0.000), 12 (8, 0.000), 13 (4, 0.000), 14 (5,
0.000), 15 (1, 0.000), 19 (1, 0.000), 20 (1, 0.000), 22 (2, 0.000)
--------------------------------------------------------------------------------
mcambio_monedas_compra 
       n  missing distinct     Info     Mean      Gmd      .05      .10 
  239006        0     4680    0.156    147.4    290.8      0.0      0.0 
     .25      .50      .75      .90      .95 
     0.0      0.0      0.0      0.0     81.9 

lowest :      0.00      0.01      0.02      0.03      0.04
highest: 189423.00 197730.00 234000.00 266602.05 298350.00
--------------------------------------------------------------------------------
ccambio_monedas_venta 
       n  missing distinct     Info     Mean      Gmd      .05      .10 
  239006        0       36    0.358   0.2371   0.4297        0        0 
     .25      .50      .75      .90      .95 
       0        0        0        1        2 

lowest :  0  1  2  3  4, highest: 37 40 42 44 47
--------------------------------------------------------------------------------
mcambio_monedas_venta 
       n  missing distinct     Info     Mean      Gmd      .05      .10 
  239006        0    13016    0.359    569.9     1097        0        0 
     .25      .50      .75      .90      .95 
       0        0        0      585     2223 

lowest :       0.00       0.02       0.03       0.04       0.14
highest:  338374.74  468000.00  913498.01 1309815.00 1326906.98
--------------------------------------------------------------------------------
ctransferencias_recibidas 
       n  missing distinct     Info     Mean      Gmd 
  239006        0        9    0.003  0.00151 0.003019 
                                                                         
Value           0      1      2      3      4      5      6      8     10
Frequency  238785    144     49     14      4      5      3      1      1
Proportion  0.999  0.001  0.000  0.000  0.000  0.000  0.000  0.000  0.000
--------------------------------------------------------------------------------
mtransferencias_recibidas 
       n  missing distinct     Info     Mean      Gmd      .05      .10 
  239006        0      131    0.003    18.05    36.08        0        0 
     .25      .50      .75      .90      .95 
       0        0        0        0        0 

lowest :      0.00     11.70     14.04     31.59    117.00
highest:  67860.00  89078.00 114660.00 121680.00 157950.00
--------------------------------------------------------------------------------
ctransferencias_emitidas 
       n  missing distinct     Info     Mean      Gmd      .05      .10 
  239006        0       61    0.685   0.8236    1.333        0        0 
     .25      .50      .75      .90      .95 
       0        0        1        3        4 

lowest :   0   1   2   3   4, highest: 119 122 126 144 266
--------------------------------------------------------------------------------
mtransferencias_emitidas 
       n  missing distinct     Info     Mean      Gmd      .05      .10 
  239006        0    35017    0.689     8444    15245        0        0 
     .25      .50      .75      .90      .95 
       0        0     3353    17784    35789 

lowest :       0.00       0.01       0.11       0.37       1.11
highest: 2281500.00 2595239.01 3041764.83 3347304.42 3753516.96
--------------------------------------------------------------------------------
cextraccion_autoservicio 
       n  missing distinct     Info     Mean      Gmd      .05      .10 
  239006        0       65     0.84    2.601    3.797        0        0 
     .25      .50      .75      .90      .95 
       0        0        4        8       11 

lowest :  0  1  2  3  4, highest: 64 65 66 84 93
--------------------------------------------------------------------------------
mextraccion_autoservicio 
       n  missing distinct     Info     Mean      Gmd      .05      .10 
  239006        0      957    0.841     6828    10299        0        0 
     .25      .50      .75      .90      .95 
       0        0     9945    22230    30420 

lowest :      0.0    117.0    175.5    234.0    351.0
highest: 263250.0 269100.0 274950.0 292500.0 339300.0
--------------------------------------------------------------------------------
ccheques_depositados 
       n  missing distinct     Info     Mean      Gmd      .05      .10 
  239006        0       79    0.228   0.2653   0.5099        0        0 
     .25      .50      .75      .90      .95 
       0        0        0        0        1 

lowest :   0   1   2   3   4, highest: 128 160 170 250 439
--------------------------------------------------------------------------------
mcheques_depositados 
       n  missing distinct     Info     Mean      Gmd      .05      .10 
  239006        0    13938    0.228     6731    13139        0        0 
     .25      .50      .75      .90      .95 
       0        0        0        0    18720 

lowest :        0.00       28.11       99.41      111.65      134.77
highest:  8455973.67  9351538.56  9602835.24 10968750.00 12285000.00
--------------------------------------------------------------------------------
ccheques_emitidos 
       n  missing distinct     Info     Mean      Gmd      .05      .10 
  239006        0       98    0.164   0.3122   0.6097        0        0 
     .25      .50      .75      .90      .95 
       0        0        0        0        1 

lowest :   0   1   2   3   4, highest: 173 177 208 239 322
--------------------------------------------------------------------------------
mcheques_emitidos 
       n  missing distinct     Info     Mean      Gmd      .05      .10 
  239006        0    10008    0.164     5799    11430        0        0 
     .25      .50      .75      .90      .95 
       0        0        0        0     5059 

lowest :        0.00       42.70       77.96      150.12      202.50
highest:  7941059.54 11277352.52 11897752.69 12853466.76 14931504.61
--------------------------------------------------------------------------------
ccheques_depositados_rechazados 
       n  missing distinct     Info     Mean      Gmd      .05      .10 
  239006        0       18     0.02 0.009841  0.01959        0        0 
     .25      .50      .75      .90      .95 
       0        0        0        0        0 
                                                                         
Value           0      1      2      3      4      5      6      7      8
Frequency  237414   1264    196     56     28     19     10      2      3
Proportion  0.993  0.005  0.001  0.000  0.000  0.000  0.000  0.000  0.000
                                                                         
Value           9     10     11     15     17     18     19     27     42
Frequency       5      1      1      1      1      1      2      1      1
Proportion  0.000  0.000  0.000  0.000  0.000  0.000  0.000  0.000  0.000
--------------------------------------------------------------------------------
mcheques_depositados_rechazados 
       n  missing distinct     Info     Mean      Gmd      .05      .10 
  239006        0      991     0.02    277.5    553.8        0        0 
     .25      .50      .75      .90      .95 
       0        0        0        0        0 

lowest :       0.00      55.21     585.00     672.75     702.00
highest:  842094.95 1052561.25 1416528.55 2340000.00 2550164.18
--------------------------------------------------------------------------------
ccheques_emitidos_rechazados 
       n  missing distinct     Info     Mean      Gmd      .05      .10 
  239006        0       33    0.014  0.01385  0.02764        0        0 
     .25      .50      .75      .90      .95 
       0        0        0        0        0 

lowest :   0   1   2   3   4, highest:  45  47  65  66 131
--------------------------------------------------------------------------------
mcheques_emitidos_rechazados 
       n  missing distinct     Info     Mean      Gmd      .05      .10 
  239006        0      796    0.014      362      723        0        0 
     .25      .50      .75      .90      .95 
       0        0        0        0        0 

lowest :       0.00     585.00     883.35     891.66     936.00
highest: 1387678.96 1422850.53 1815642.74 2086794.45 5142540.78
--------------------------------------------------------------------------------
tcallcenter 
       n  missing distinct     Info      Sum     Mean      Gmd 
  239006        0        2    0.392    36932   0.1545   0.2613 

--------------------------------------------------------------------------------
ccallcenter_transacciones 
       n  missing distinct     Info     Mean      Gmd      .05      .10 
  239006        0       70    0.396   0.8256    1.513        0        0 
     .25      .50      .75      .90      .95 
       0        0        0        3        6 

lowest :   0   1   2   3   4, highest:  81  96  97 101 104
--------------------------------------------------------------------------------
thomebanking 
       n  missing distinct     Info      Sum     Mean      Gmd 
  239006        0        2    0.427   197927   0.8281   0.2847 

--------------------------------------------------------------------------------
chomebanking_transacciones 
       n  missing distinct     Info     Mean      Gmd      .05      .10 
  239006        0      843    0.992    57.01    69.81        0        0 
     .25      .50      .75      .90      .95 
       4       33       81      143      194 

lowest :     0     1     2     3     4, highest:  4281  5022  7319  8523 16475
--------------------------------------------------------------------------------
tautoservicio 
       n  missing distinct     Info     Mean      Gmd 
  239006        0        1        0        0        0 
                 
Value           0
Frequency  239006
Proportion      1
--------------------------------------------------------------------------------
cautoservicio_transacciones 
       n  missing distinct     Info     Mean      Gmd 
  239006        0        1        0        0        0 
                 
Value           0
Frequency  239006
Proportion      1
--------------------------------------------------------------------------------
tcajas 
       n  missing distinct     Info      Sum     Mean      Gmd 
  239006        0        2    0.667    79826    0.334   0.4449 

--------------------------------------------------------------------------------
tcajas_consultas 
       n  missing distinct     Info     Mean      Gmd      .05      .10 
  239006        0       30    0.292   0.2075   0.3859        0        0 
     .25      .50      .75      .90      .95 
       0        0        0        1        1 

lowest :  0  1  2  3  4, highest: 30 36 38 42 51
--------------------------------------------------------------------------------
tcajas_depositos 
       n  missing distinct     Info     Mean      Gmd      .05      .10 
  239006        0       39    0.372   0.2403   0.4338        0        0 
     .25      .50      .75      .90      .95 
       0        0        0        1        1 

lowest :  0  1  2  3  4, highest: 54 57 63 68 74
--------------------------------------------------------------------------------
tcajas_extracciones 
       n  missing distinct     Info     Mean      Gmd      .05      .10 
  239006        0       29    0.472   0.3206   0.5555        0        0 
     .25      .50      .75      .90      .95 
       0        0        0        1        2 

lowest :  0  1  2  3  4, highest: 32 40 46 62 97
--------------------------------------------------------------------------------
tcajas_otras 
       n  missing distinct     Info     Mean      Gmd      .05      .10 
  239006        0       42    0.208   0.1505    0.287        0        0 
     .25      .50      .75      .90      .95 
       0        0        0        0        1 

lowest :   0   1   2   3   4, highest:  48  53  57 100 220
--------------------------------------------------------------------------------
ccajeros_propio_transacciones 
       n  missing distinct     Info     Mean      Gmd      .05      .10 
  239006        0       63    0.823    1.989    2.983        0        0 
     .25      .50      .75      .90      .95 
       0        0        3        6        9 

lowest :  0  1  2  3  4, highest: 62 64 65 84 93
--------------------------------------------------------------------------------
mcajeros_propio 
       n  missing distinct     Info     Mean      Gmd      .05      .10 
  239006        0     1136    0.825     5934     9241        0        0 
     .25      .50      .75      .90      .95 
       0        0     7137    19305    28080 

lowest :      0.0     58.5    117.0    234.0    351.0
highest: 267930.0 268398.0 274950.0 292500.0 339300.0
--------------------------------------------------------------------------------
ccajeros_ajenos_transacciones 
       n  missing distinct     Info     Mean      Gmd      .05      .10 
  239006        0       45    0.647   0.9692    1.616        0        0 
     .25      .50      .75      .90      .95 
       0        0        1        3        5 

lowest :  0  1  2  3  4, highest: 40 42 43 44 52
--------------------------------------------------------------------------------
mcajeros_ajenos 
       n  missing distinct     Info     Mean      Gmd      .05      .10 
  239006        0      550    0.648     1819     3074        0        0 
     .25      .50      .75      .90      .95 
       0        0     1404     6435    10530 

lowest :      0.0    117.0    175.5    234.0    327.6
highest:  98280.0 103092.3 106734.7 161015.3 181302.5
--------------------------------------------------------------------------------
tmovimientos_ultimos90dias 
       n  missing distinct     Info     Mean      Gmd      .05      .10 
  239006        0      813        1    107.6    80.86       13       24 
     .25      .50      .75      .90      .95 
      54       95      143      200      245 

lowest :    0    1    2    3    4, highest: 1565 1590 1637 1968 1993
--------------------------------------------------------------------------------
Master_marca_atraso 
       n  missing distinct     Info      Sum     Mean      Gmd 
  211046    27960        2     0.02     1388 0.006577  0.01307 

--------------------------------------------------------------------------------
Master_cuenta_estado 
       n  missing distinct     Info     Mean      Gmd 
  211046    27960        4    0.015    10.02  0.03807 
                                      
Value          10     11     12     19
Frequency  209961    339    432    314
Proportion  0.995  0.002  0.002  0.001
--------------------------------------------------------------------------------
Master_mfinanciacion_limite 
       n  missing distinct     Info     Mean      Gmd      .05      .10 
  211046    27960      180    0.991    99360   102586    15795    18954 
     .25      .50      .75      .90      .95 
   25272    37908   137916   273228   323263 

lowest :       0.00     737.10     884.52    1031.94    1179.36
highest: 8162672.55 8227325.25 8243495.72 8868799.13 9210805.09
--------------------------------------------------------------------------------
Master_Fvencimiento 
       n  missing distinct     Info     Mean      Gmd      .05      .10 
  211046    27960      152    0.999    -1253    634.2    -1794    -1733 
     .25      .50      .75      .90      .95 
   -1643    -1460     -883     -272     -121 
                            
Value      -2900000        0
Frequency         2   211044
Proportion        0        1
--------------------------------------------------------------------------------
Master_Finiciomora 
       n  missing distinct     Info     Mean      Gmd      .05      .10 
    1388   237618       18    0.945    28.02    24.96        1        1 
     .25      .50      .75      .90      .95 
       9       23       51       57       79 
                                                                            
Value          1     4     9    21    23    29    37    42    44    49    51
Frequency    288    14    98    34   480    84     3     1    14     8   219
Proportion 0.207 0.010 0.071 0.024 0.346 0.061 0.002 0.001 0.010 0.006 0.158
                                                    
Value         57    72    77    79   102   259   304
Frequency     32     3     5   102     1     1     1
Proportion 0.023 0.002 0.004 0.073 0.001 0.001 0.001
--------------------------------------------------------------------------------
Master_msaldototal 
       n  missing distinct     Info     Mean      Gmd      .05      .10 
  211046    27960    98934    0.893     6739    11745        0        0 
     .25      .50      .75      .90      .95 
       0        0     4405    17580    32359 

lowest : -194956.88 -125349.35 -114101.59 -102378.72  -99514.89
highest:  546100.78  564544.76  573318.66  781058.33  802366.42
--------------------------------------------------------------------------------
Master_msaldopesos 
       n  missing distinct     Info     Mean      Gmd      .05      .10 
  211046    27960    95935    0.885     5900    10362        0        0 
     .25      .50      .75      .90      .95 
       0        0     3804    15046    28214 

lowest : -348167.1 -132933.1 -114101.6 -113085.2 -107415.3
highest:  491298.4  509722.4  522096.3  564544.8  802076.0
--------------------------------------------------------------------------------
Master_msaldodolares 
       n  missing distinct     Info     Mean      Gmd      .05      .10 
  211046    27960    13353    0.237    838.8     1701        0        0 
     .25      .50      .75      .90      .95 
       0        0        0        0     1055 

lowest : -136507.08 -109263.66 -103508.70  -67971.43  -63373.63
highest:  319841.09  336654.00  445982.84  503776.70  758872.86
--------------------------------------------------------------------------------
Master_mconsumospesos 
       n  missing distinct     Info     Mean      Gmd      .05      .10 
  110764   128242    60640    0.975     5410     8487        0        0 
     .25      .50      .75      .90      .95 
       0     1125     5231    13877    23498 

lowest : -30877.83 -27933.39 -27067.54 -23993.97 -22492.13
highest: 362454.17 449140.79 509194.48 534989.55 771499.59
--------------------------------------------------------------------------------
Master_mconsumosdolares 
       n  missing distinct     Info     Mean      Gmd      .05      .10 
  110764   128242    10981    0.398     67.7    130.1      0.0      0.0 
     .25      .50      .75      .90      .95 
     0.0      0.0      0.0     37.4    281.6 

lowest :     0.00     0.01     0.05     0.23     0.31
highest: 14174.99 16961.98 18129.38 20193.47 31203.65
--------------------------------------------------------------------------------
Master_mlimitecompra 
       n  missing distinct     Info     Mean      Gmd      .05      .10 
  211046    27960      132    0.991   110201   113052    17550    21060 
     .25      .50      .75      .90      .95 
   28080    42120   153240   303593   359195 

lowest :     982.8    1228.5    1474.2    1719.9    1965.6
highest: 1274270.4 1381536.0 1401051.6 2072304.0 2101577.4
--------------------------------------------------------------------------------
Master_madelantopesos 
       n  missing distinct     Info     Mean      Gmd      .05      .10 
  110764   128242      165    0.031    76.02    151.1        0        0 
     .25      .50      .75      .90      .95 
       0        0        0        0        0 

lowest :     0.00   117.00   234.00   351.00   468.00
highest: 21293.35 29250.00 30029.50 35100.00 60840.00
--------------------------------------------------------------------------------
Master_madelantodolares 
       n  missing distinct     Info     Mean      Gmd      .05      .10 
  110764   128242       63    0.002   0.2157   0.4313        0        0 
     .25      .50      .75      .90      .95 
       0        0        0        0        0 

lowest :    0.00   18.98   27.65   42.17   49.06
highest:  738.25  761.47  768.86  853.52 1203.70
--------------------------------------------------------------------------------
Master_fultimo_cierre 
       n  missing distinct     Info     Mean      Gmd      .05      .10 
  211000    28006      115    0.639    5.121    6.872        1        1 
     .25      .50      .75      .90      .95 
       1        1        8        8       22 

lowest :    1    8   15   22   36, highest: 3809 3844 3851 3963 3977
--------------------------------------------------------------------------------
Master_mpagado 
       n  missing distinct     Info     Mean      Gmd      .05      .10 
  211046    27960     9742    0.169    557.7     1091      0.0      0.0 
     .25      .50      .75      .90      .95 
     0.0      0.0      0.0      0.0    907.6 

lowest :      0.00      0.01      0.02      0.23      0.29
highest: 231068.05 234588.21 262697.17 292500.00 312722.84
--------------------------------------------------------------------------------
Master_mpagospesos 
       n  missing distinct     Info     Mean      Gmd      .05      .10 
  110764   128242    71708    0.999    -6896     9499 -26149.5 -16555.5 
     .25      .50      .75      .90      .95 
 -7443.6  -2668.1   -643.5      0.0      0.0 

lowest : -1111500.00  -520639.97  -489399.30  -447386.95  -406644.57
highest:     3356.39     3510.00     5418.43     7663.50     7851.85
--------------------------------------------------------------------------------
Master_mpagosdolares 
       n  missing distinct     Info     Mean      Gmd      .05      .10 
  110764   128242     8235    0.287    41.65    81.07     0.00     0.00 
     .25      .50      .75      .90      .95 
    0.00     0.00     0.00     1.17   115.56 

lowest :     0.00     0.01     0.02     0.03     0.04
highest: 12344.57 13125.52 14064.71 16023.20 20999.88
--------------------------------------------------------------------------------
Master_fechaalta 
       n  missing distinct     Info     Mean      Gmd      .05      .10 
  211046    27960     4148        1     2375     1846      245      429 
     .25      .50      .75      .90      .95 
     981     2170     3542     4567     5414 

lowest :    1    2    3    4    8, highest: 6527 6528 6548 6552 6567
--------------------------------------------------------------------------------
Master_mconsumototal 
       n  missing distinct     Info     Mean      Gmd      .05      .10 
  110764   128242    60640    0.975     5410     8487        0        0 
     .25      .50      .75      .90      .95 
       0     1125     5231    13877    23498 

lowest : -30877.83 -27933.39 -27067.54 -23993.97 -22492.13
highest: 362454.17 449140.79 509194.48 534989.55 771499.59
--------------------------------------------------------------------------------
Master_tconsumos 
       n  missing distinct     Info     Mean      Gmd      .05      .10 
  110764   128242       90    0.964     3.48    4.617        0        0 
     .25      .50      .75      .90      .95 
       0        2        4        9       14 

lowest :   0   1   2   3   4, highest:  98 102 104 108 172
--------------------------------------------------------------------------------
Master_tadelantosefectivo 
       n  missing distinct     Info     Mean      Gmd      .05      .10 
  110764   128242       18    0.031  0.03981  0.07911        0        0 
     .25      .50      .75      .90      .95 
       0        0        0        0        0 
                                                                         
Value           0      1      2      3      4      5      6      7      8
Frequency  109594    251    258    204    102     69     49     49    141
Proportion  0.989  0.002  0.002  0.002  0.001  0.001  0.000  0.000  0.001
                                                                         
Value           9     10     11     12     13     16     19     25     28
Frequency      26      8      3      3      2      2      1      1      1
Proportion  0.000  0.000  0.000  0.000  0.000  0.000  0.000  0.000  0.000
--------------------------------------------------------------------------------
Master_mpagominimo 
       n  missing distinct     Info     Mean      Gmd      .05      .10 
  211046    27960     2612     0.83    855.8     1549      0.0      0.0 
     .25      .50      .75      .90      .95 
     0.0      0.0    315.9   1380.6   3638.7 

lowest :      0.00      0.01      0.26      0.28      0.29
highest: 433157.40 436959.90 442552.50 509722.20 564536.70
--------------------------------------------------------------------------------
Visa_marca_atraso 
       n  missing distinct     Info      Sum     Mean      Gmd 
  233109     5897        2    0.026     2067 0.008867  0.01758 

--------------------------------------------------------------------------------
Visa_cuenta_estado 
       n  missing distinct     Info     Mean      Gmd 
  233109     5897        4    0.018    10.02  0.03864 
                                      
Value          10     11     12     19
Frequency  231740    453    597    319
Proportion  0.994  0.002  0.003  0.001
--------------------------------------------------------------------------------
Visa_mfinanciacion_limite 
       n  missing distinct     Info     Mean      Gmd      .05      .10 
  233109     5897      215    0.994   111097   112499    18954    22113 
     .25      .50      .75      .90      .95 
   31590    50544   137916   277087   328523 

lowest :       0.00     335.79     504.27     588.51     614.25
highest: 8162672.55 8227325.25 8243495.72 8868799.13 9210805.09
--------------------------------------------------------------------------------
Visa_Fvencimiento 
       n  missing distinct     Info     Mean      Gmd      .05      .10 
  233109     5897      175        1   -16000    29812    -2283    -2191 
     .25      .50      .75      .90      .95 
   -2008    -1643     -791     -364     -182 
                            
Value      -2900000        0
Frequency      1167   231942
Proportion    0.005    0.995
--------------------------------------------------------------------------------
Visa_Finiciomora 
       n  missing distinct     Info     Mean      Gmd      .05      .10 
    2067   236939       21    0.921    34.75    21.17       10       10 
     .25      .50      .75      .90      .95 
      24       24       52       58       80 

lowest :   8  10  22  24  28, highest:  87  99 102 106 115
--------------------------------------------------------------------------------
Visa_msaldototal 
       n  missing distinct     Info     Mean      Gmd      .05      .10 
  233109     5897   201004    0.999    17349    22136        0        0 
     .25      .50      .75      .90      .95 
    2665     8676    20467    40159    62040 

lowest : -334500.22 -167004.88  -94548.97  -87471.36  -73933.15
highest:  686113.02  726447.58  810558.99 1184858.06 1573841.75
--------------------------------------------------------------------------------
Visa_msaldopesos 
       n  missing distinct     Info     Mean      Gmd      .05      .10 
  233109     5897   199327    0.999    18214    23137        0        0 
     .25      .50      .75      .90      .95 
    2833     9306    21625    41675    62949 

lowest : -110680.37  -93304.35  -88874.72  -83963.70  -78388.97
highest:  802752.23  849943.66  939492.36 1386283.93 1841394.84
--------------------------------------------------------------------------------
Visa_msaldodolares 
       n  missing distinct     Info     Mean      Gmd      .05      .10 
  233109     5897    30302     0.54     2087     4089        0        0 
     .25      .50      .75      .90      .95 
       0        0        0     1825     9750 

lowest : -302490.53 -212570.17 -197309.79 -117356.45  -96679.31
highest:  427720.62  476676.27  491071.49  516854.63  559053.21
--------------------------------------------------------------------------------
Visa_mconsumospesos 
       n  missing distinct     Info     Mean      Gmd      .05      .10 
  211487    27519   171908        1    11423    14959     0.00    31.59 
     .25      .50      .75      .90      .95 
 1385.94  5224.15 13359.98 27623.69 42300.53 

lowest : -54409.27 -54031.92 -49891.46 -23030.88 -22123.99
highest: 575260.25 625052.25 648259.04 659451.83 819000.00
--------------------------------------------------------------------------------
Visa_mconsumosdolares 
       n  missing distinct     Info     Mean      Gmd      .05      .10 
  211487    27519    27695    0.888    102.4    189.4     0.00     0.00 
     .25      .50      .75      .90      .95 
    0.00     2.24    15.02   131.42   498.38 

lowest :     0.00     0.01     0.02     0.03     0.04
highest: 17556.25 19092.28 19107.78 20694.45 22725.74
--------------------------------------------------------------------------------
Visa_mlimitecompra 
       n  missing distinct     Info     Mean      Gmd      .05      .10 
  233109     5897      145    0.994   123147   123744    21060    24570 
     .25      .50      .75      .90      .95 
   35100    56160   153240   307881   365025 

lowest :     672.75    1009.12    1177.31    1228.50    1755.00
highest: 2417688.00 2767564.80 3228825.60 4095000.00 5850000.00
--------------------------------------------------------------------------------
Visa_madelantopesos 
       n  missing distinct     Info     Mean      Gmd      .05      .10 
  211487    27519      564    0.032    77.34    153.8        0        0 
     .25      .50      .75      .90      .95 
       0        0        0        0        0 

lowest : -1917.68     0.00   107.64   117.00   234.00
highest: 35533.39 44045.55 50310.00 55203.87 70297.18
--------------------------------------------------------------------------------
Visa_madelantodolares 
       n  missing distinct     Info     Mean      Gmd      .05      .10 
  211487    27519      426    0.006    0.685    1.368        0        0 
     .25      .50      .75      .90      .95 
       0        0        0        0        0 

lowest :    0.00    4.37   16.64   16.68   16.81
highest: 1418.36 1444.44 1765.53 2244.06 2817.80
--------------------------------------------------------------------------------
Visa_fultimo_cierre 
       n  missing distinct     Info     Mean      Gmd      .05      .10 
  233063     5943       83    0.677    5.099    6.566        1        1 
     .25      .50      .75      .90      .95 
       1        1        8        8       22 

lowest :    1    8   22   36   43, highest: 3837 4040 4537 4544 5328
--------------------------------------------------------------------------------
Visa_mpagado 
       n  missing distinct     Info     Mean      Gmd      .05      .10 
  233109     5897    16571    0.249     1572     3016        0        0 
     .25      .50      .75      .90      .95 
       0        0        0        0     8897 

lowest :      0.00      0.01      0.26      0.29      0.70
highest: 409073.26 409302.93 420070.95 574605.68 849943.66
--------------------------------------------------------------------------------
Visa_mpagospesos 
       n  missing distinct     Info     Mean      Gmd      .05      .10 
  211487    27519   162077        1   -14571    16869 -48827.4 -33220.7 
     .25      .50      .75      .90      .95 
-17592.3  -8377.2  -3314.7   -819.0   -179.4 

lowest : -635501.58 -631632.60 -624719.75 -551988.45 -495700.76
highest:    4896.88    8472.39   19527.30   27003.84   38432.16
--------------------------------------------------------------------------------
Visa_mpagosdolares 
       n  missing distinct     Info     Mean      Gmd      .05      .10 
  211487    27519    18909    0.416    63.54    122.2     0.00     0.00 
     .25      .50      .75      .90      .95 
    0.00     0.00     0.00    30.31   257.37 

lowest :     0.00     0.01     0.02     0.03     0.04
highest: 13560.11 14124.28 14137.34 16800.75 17727.91
--------------------------------------------------------------------------------
Visa_fechaalta 
       n  missing distinct     Info     Mean      Gmd      .05      .10 
  233109     5897     6229        1     2912     2269      273      486 
     .25      .50      .75      .90      .95 
    1172     2710     4223     5370     7151 

lowest :     1     2     3     4     8, highest: 11470 11476 11482 11495 11593
--------------------------------------------------------------------------------
Visa_mconsumototal 
       n  missing distinct     Info     Mean      Gmd      .05      .10 
  211487    27519   171908        1    11423    14959     0.00    31.59 
     .25      .50      .75      .90      .95 
 1385.94  5224.15 13359.98 27623.69 42300.53 

lowest : -54409.27 -54031.92 -49891.46 -23030.88 -22123.99
highest: 575260.25 625052.25 648259.04 659451.83 819000.00
--------------------------------------------------------------------------------
Visa_tconsumos 
       n  missing distinct     Info     Mean      Gmd      .05      .10 
  211487    27519      171    0.997    10.37    11.13        0        1 
     .25      .50      .75      .90      .95 
       3        7       13       24       33 

lowest :   0   1   2   3   4, highest: 200 206 249 279 311
--------------------------------------------------------------------------------
Visa_tadelantosefectivo 
       n  missing distinct     Info     Mean      Gmd      .05      .10 
  211487    27519       19    0.032  0.03332   0.0662        0        0 
     .25      .50      .75      .90      .95 
       0        0        0        0        0 

0 (209183, 0.989), 1 (715, 0.003), 2 (511, 0.002), 3 (382, 0.002), 4 (236,
0.001), 5 (139, 0.001), 6 (86, 0.000), 7 (67, 0.000), 8 (93, 0.000), 9 (35,
0.000), 10 (14, 0.000), 11 (10, 0.000), 12 (4, 0.000), 13 (3, 0.000), 14 (2,
0.000), 15 (1, 0.000), 16 (4, 0.000), 18 (1, 0.000), 19 (1, 0.000)
--------------------------------------------------------------------------------
Visa_mpagominimo 
       n  missing distinct     Info     Mean      Gmd      .05      .10 
  233109     5897     3929    0.997     2425     3678      0.0      0.0 
     .25      .50      .75      .90      .95 
   175.5    690.3   1813.5   5627.7  10927.8 

lowest :      0.00      0.01      0.04      0.18      0.26
highest: 509535.00 511512.30 617771.70 681384.60 802748.70
--------------------------------------------------------------------------------
clase_ternaria 
       n  missing distinct    value 
    1414   237592        1   BAJA+1 
                 
Value      BAJA+1
Frequency    1414
Proportion      1
--------------------------------------------------------------------------------
clase_binaria 
       n  missing distinct    value 
  239006        0        1        1 
                 
Value           1
Frequency  239006
Proportion      1
--------------------------------------------------------------------------------
