dataset 

 170  Variables      209012  Observations
-----------------------------------------------------------------------------------------
foto_mes 
       n  missing distinct     Info     Mean      Gmd 
  209012        0        1        0   201703        0 
                 
Value      201703
Frequency  209012
Proportion      1
-----------------------------------------------------------------------------------------
marketing_activo_ultimos90dias 
       n  missing distinct     Info      Sum     Mean      Gmd 
  209012        0        2    0.042   206043   0.9858  0.02801 

-----------------------------------------------------------------------------------------
cliente_vip 
       n  missing distinct     Info      Sum     Mean      Gmd 
  209012        0        2    0.034     2365  0.01132  0.02237 

-----------------------------------------------------------------------------------------
internet 
       n  missing distinct     Info      Sum     Mean      Gmd 
  209012        0        2    0.303   185145   0.8858   0.2023 

-----------------------------------------------------------------------------------------
cliente_edad 
       n  missing distinct     Info     Mean      Gmd      .05      .10      .25 
  209012        0       83    0.999    46.29    14.21       29       31       37 
     .50      .75      .90      .95 
      44       55       64       69 

lowest :  18  19  20  21  22, highest:  96  97  98 101 107
-----------------------------------------------------------------------------------------
cliente_antiguedad 
       n  missing distinct     Info     Mean      Gmd      .05      .10      .25 
  209012        0      275        1    122.3    88.32       13       22       62 
     .50      .75      .90      .95 
     114      167      240      274 

lowest :   1   2   3   4   5, highest: 271 272 273 274 327
-----------------------------------------------------------------------------------------
mrentabilidad 
       n  missing distinct     Info     Mean      Gmd      .05      .10      .25 
  209012        0   149210        1     1793     1750    172.8    366.7    705.5 
     .50      .75      .90      .95 
  1218.9   2068.6   3530.0   5042.3 

lowest : -16919.03 -14648.24 -13521.76 -11076.61 -10730.95
highest: 124021.02 175306.10 176126.94 178463.48 326870.43
-----------------------------------------------------------------------------------------
mrentabilidad_annual 
       n  missing distinct     Info     Mean      Gmd      .05      .10      .25 
  209012        0   177479    0.998    15769    16653        0        0     5477 
     .50      .75      .90      .95 
   11012    19120    32696    46371 

lowest : -304558.0 -258205.8 -202583.0 -200807.0 -146337.8
highest:  972422.8 1163436.4 1209936.9 1321234.1 2670751.6
-----------------------------------------------------------------------------------------
mcomisiones 
       n  missing distinct     Info     Mean      Gmd      .05      .10      .25 
  209012        0   111272        1    786.3    750.6    28.83   101.13   290.78 
     .50      .75      .90      .95 
  601.90   981.75  1518.29  2025.22 
                                                                                       
Value      -10000  -5000      0   5000  10000  15000  20000  25000  30000  35000  40000
Frequency       1     25 202758   5704    314    111     29     28     14     11      3
Proportion  0.000  0.000  0.970  0.027  0.002  0.001  0.000  0.000  0.000  0.000  0.000
                                                                  
Value       55000  60000  65000  70000  85000  95000 170000 320000
Frequency       1      2      2      4      1      1      2      1
Proportion  0.000  0.000  0.000  0.000  0.000  0.000  0.000  0.000
-----------------------------------------------------------------------------------------
mactivos_margen 
       n  missing distinct     Info     Mean      Gmd      .05      .10      .25 
  209012        0   102835        1    169.6    558.1  -421.72  -252.66   -79.67 
     .50      .75      .90      .95 
    7.47   259.89   757.43  1200.94 

lowest : -71933.88 -40496.47 -21605.00 -19756.16 -19700.66
highest:  25062.50  46183.56  48793.15  54072.57  92034.84
-----------------------------------------------------------------------------------------
mpasivos_margen 
       n  missing distinct     Info     Mean      Gmd      .05      .10      .25 
  209012        0   101353        1    690.6    932.2     7.87    29.90   106.05 
     .50      .75      .90      .95 
  278.15   674.23  1555.97  2595.32 

lowest : -10260.30  -9821.15  -7349.19  -6956.72  -6604.18
highest:  76138.22  76421.20  80048.25  82756.38 149399.13
-----------------------------------------------------------------------------------------
marketing_coss_selling 
       n  missing distinct     Info     Mean      Gmd      .05      .10      .25 
  209012        0       18    0.969     8.38    2.006        6        6        7 
     .50      .75      .90      .95 
       8        9       11       12 
                                                                                        
Value          3     4     5     6     7     8     9    10    11    12    13    14    15
Frequency     12   993  3509 23212 45864 47417 37070 24038 14250  7481  3325  1265   383
Proportion 0.000 0.005 0.017 0.111 0.219 0.227 0.177 0.115 0.068 0.036 0.016 0.006 0.002
                                        
Value         16    17    18    19    20
Frequency    124    45    17     4     3
Proportion 0.001 0.000 0.000 0.000 0.000
-----------------------------------------------------------------------------------------
tpaquete1 
       n  missing distinct     Info     Mean      Gmd 
  209012        0        1        0        1        0 
                 
Value           1
Frequency  209012
Proportion      1
-----------------------------------------------------------------------------------------
tpaquete2 
       n  missing distinct     Info     Mean      Gmd 
  209012        0        1        0        0        0 
                 
Value           0
Frequency  209012
Proportion      1
-----------------------------------------------------------------------------------------
tpaquete3 
       n  missing distinct     Info     Mean      Gmd 
  209012        0        1        0        0        0 
                 
Value           0
Frequency  209012
Proportion      1
-----------------------------------------------------------------------------------------
tpaquete4 
       n  missing distinct     Info     Mean      Gmd 
  209012        0        1        0        0        0 
                 
Value           0
Frequency  209012
Proportion      1
-----------------------------------------------------------------------------------------
tpaquete5 
       n  missing distinct     Info     Mean      Gmd 
  209012        0        1        0        0        0 
                 
Value           0
Frequency  209012
Proportion      1
-----------------------------------------------------------------------------------------
tpaquete6 
       n  missing distinct     Info     Mean      Gmd 
  209012        0        1        0        0        0 
                 
Value           0
Frequency  209012
Proportion      1
-----------------------------------------------------------------------------------------
tpaquete7 
       n  missing distinct     Info      Sum     Mean      Gmd 
  209012        0        2    0.032     2276  0.01089  0.02154 

-----------------------------------------------------------------------------------------
tpaquete8 
       n  missing distinct     Info     Mean      Gmd 
  209012        0        1        0        0        0 
                 
Value           0
Frequency  209012
Proportion      1
-----------------------------------------------------------------------------------------
tpaquete9 
       n  missing distinct     Info      Sum     Mean      Gmd 
  209012        0        2    0.036     2504  0.01198  0.02367 

-----------------------------------------------------------------------------------------
tcuentas 
       n  missing distinct     Info     Mean      Gmd 
  209012        0        2    0.022    1.008  0.01495 
                        
Value           1      2
Frequency  207438   1574
Proportion  0.992  0.008
-----------------------------------------------------------------------------------------
tcuenta_corriente 
       n  missing distinct     Info     Mean      Gmd 
  209012        0        4    0.056    1.019  0.03822 
                                      
Value           1      2      3      4
Frequency  205010   3939     57      6
Proportion  0.981  0.019  0.000  0.000
-----------------------------------------------------------------------------------------
mcuenta_corriente_Nopaquete 
       n  missing distinct     Info     Mean      Gmd      .05      .10      .25 
  209012        0      202    0.003     52.9    106.5        0        0        0 
     .50      .75      .90      .95 
       0        0        0        0 
                                                                                  
Value            0   50000  100000  150000  200000  250000  300000  500000 1950000
Frequency   208982       9       9       2       3       1       1       2       1
Proportion       1       0       0       0       0       0       0       0       0
                          
Value      2000000 3000000
Frequency        1       1
Proportion       0       0
-----------------------------------------------------------------------------------------
mcuenta_corriente_Paquete 
       n  missing distinct     Info     Mean      Gmd      .05      .10      .25 
  209012        0    90972    0.905     2275     7763  -4249.0  -2549.0   -520.6 
     .50      .75      .90      .95 
     0.0      0.0      0.0   5740.5 

lowest : -627095.6 -598414.9 -572616.3 -569446.8 -436935.8
highest: 3707017.4 4000759.3 4335908.7 4740443.4 5762389.1
-----------------------------------------------------------------------------------------
mcuenta_corriente_dolares 
       n  missing distinct     Info     Mean      Gmd 
  209012        0        1        0        0        0 
                 
Value           0
Frequency  209012
Proportion      1
-----------------------------------------------------------------------------------------
tcaja_ahorro 
       n  missing distinct     Info     Mean      Gmd      .05      .10      .25 
  209012        0       13    0.243     2.16   0.2984        2        2        2 
     .50      .75      .90      .95 
       2        2        2        4 
                                                                                       
Value           2      3      4      5      6      7      8      9     10     11     12
Frequency  190449   6832  10040    670    767     78    140     13     18      1      2
Proportion  0.911  0.033  0.048  0.003  0.004  0.000  0.001  0.000  0.000  0.000  0.000
                        
Value          13     18
Frequency       1      1
Proportion  0.000  0.000
-----------------------------------------------------------------------------------------
mcaja_ahorro_Paquete 
        n   missing  distinct      Info      Mean       Gmd       .05       .10 
   209012         0    183832     0.999     29770     44180      0.00     48.37 
      .25       .50       .75       .90       .95 
  1999.43   8915.74  26531.60  67955.57 118335.64 

lowest :    -1811.60    -1376.15    -1189.80     -701.90     -570.57
highest:  5189780.89  5213636.66  6014016.08  6276007.08 11081651.09
-----------------------------------------------------------------------------------------
mcaja_ahorro_Nopaquete 
       n  missing distinct     Info     Mean      Gmd      .05      .10      .25 
  209012        0     3064    0.045    317.8    633.2        0        0        0 
     .50      .75      .90      .95 
       0        0        0        0 

lowest :   -1565.07       0.00       0.01       0.02       0.03
highest:  515609.24  642920.47  768478.00 1253283.09 1630720.91
-----------------------------------------------------------------------------------------
mcaja_ahorro_dolares 
        n   missing  distinct      Info      Mean       Gmd       .05       .10 
   209012         0     58424     0.891     61638    115616      0.00      0.00 
      .25       .50       .75       .90       .95 
     0.00      0.36   5230.60  93193.08 257757.72 

lowest :   -28837.92   -15857.25    -8955.70    -7822.63    -7125.79
highest: 33902147.42 35407012.01 41205156.19 44253903.65 64396299.32
-----------------------------------------------------------------------------------------
mdescubierto_preacordado 
       n  missing distinct     Info     Mean      Gmd 
  209012        0        2    0.052    1.149  0.04085 
                        
Value        0.00   1.17
Frequency    3715 205297
Proportion  0.018  0.982
-----------------------------------------------------------------------------------------
mcuentas_saldo 
        n   missing  distinct      Info      Mean       Gmd       .05       .10 
   209012         0    201295         1     89598    152527  -5427.56  -2932.03 
      .25       .50       .75       .90       .95 
    31.97  12980.59  59576.85 187630.26 363141.74 

lowest :  -942389.2  -758123.7  -678785.1  -666265.8  -627095.6
highest: 33044958.6 33529122.0 41128204.6 55593021.1 64262369.8
-----------------------------------------------------------------------------------------
ttarjeta_debito 
       n  missing distinct     Info     Mean      Gmd      .05      .10      .25 
  209012        0       16    0.657    1.384   0.5812        1        1        1 
     .50      .75      .90      .95 
       1        2        2        3 
                                                                                       
Value           0      1      2      3      4      5      6      7      8      9     10
Frequency     552 144058  52334   9224   2347    350    121     15      3      2      1
Proportion  0.003  0.689  0.250  0.044  0.011  0.002  0.001  0.000  0.000  0.000  0.000
                                             
Value          52     77    102    281    302
Frequency       1      1      1      1      1
Proportion  0.000  0.000  0.000  0.000  0.000
-----------------------------------------------------------------------------------------
ctarjeta_debito_transacciones 
       n  missing distinct     Info     Mean      Gmd      .05      .10      .25 
  209012        0      113    0.943     5.88    8.085        0        0        0 
     .50      .75      .90      .95 
       2        9       17       24 

lowest :   0   1   2   3   4, highest: 119 123 126 133 180
-----------------------------------------------------------------------------------------
mautoservicio 
       n  missing distinct     Info     Mean      Gmd      .05      .10      .25 
  209012        0   105945    0.944     4055     5810        0        0        0 
     .50      .75      .90      .95 
    1110     5524    11874    17122 

lowest :      0.00      0.01      0.02      0.05      0.11
highest: 149236.44 151439.39 153806.53 157358.44 168425.61
-----------------------------------------------------------------------------------------
ttarjeta_visa 
       n  missing distinct     Info     Mean      Gmd 
  209012        0        4    0.125   0.9978  0.08565 
                                      
Value           0      1      2      3
Frequency    4805 199899   4271     37
Proportion  0.023  0.956  0.020  0.000
-----------------------------------------------------------------------------------------
ctarjeta_visa_transacciones 
       n  missing distinct     Info     Mean      Gmd      .05      .10      .25 
  209012        0      180    0.998    13.75    14.46        0        0        4 
     .50      .75      .90      .95 
      10       19       32       42 

lowest :   0   1   2   3   4, highest: 224 231 253 256 279
-----------------------------------------------------------------------------------------
mtarjeta_visa_consumo 
       n  missing distinct     Info     Mean      Gmd      .05      .10      .25 
  209012        0   171837    0.998    10496    12293        0        0     2084 
     .50      .75      .90      .95 
    6255    13364    24563    35224 

lowest :       0.00       0.11       0.36       0.97       1.17
highest:  404020.60  414645.02  582073.32  672802.96 1404000.00
-----------------------------------------------------------------------------------------
ttarjeta_master 
       n  missing distinct     Info     Mean      Gmd 
  209012        0        4    0.297   0.9051   0.2016 
                                      
Value           0      1      2      3
Frequency   21568 185717   1712     15
Proportion  0.103  0.889  0.008  0.000
-----------------------------------------------------------------------------------------
ctarjeta_master_transacciones 
       n  missing distinct     Info     Mean      Gmd      .05      .10      .25 
  209012        0      101    0.838    2.806     4.39        0        0        0 
     .50      .75      .90      .95 
       0        3        9       13 

lowest :   0   1   2   3   4, highest: 130 134 150 152 165
-----------------------------------------------------------------------------------------
mtarjeta_master_consumo 
       n  missing distinct     Info     Mean      Gmd      .05      .10      .25 
  209012        0    82253     0.84     2781     4581        0        0        0 
     .50      .75      .90      .95 
       0     2563     8030    13602 

lowest :      0.00      0.12      0.23      0.97      1.15
highest: 268563.95 276545.96 291087.55 418377.94 475072.36
-----------------------------------------------------------------------------------------
cprestamos_personales 
       n  missing distinct     Info     Mean      Gmd      .05      .10      .25 
  209012        0       60    0.683   0.7212    1.175        0        0        0 
     .50      .75      .90      .95 
       0        1        2        3 

lowest :   0   1   2   3   4, highest:  63  69  72  75 111
-----------------------------------------------------------------------------------------
mprestamos_personales 
       n  missing distinct     Info     Mean      Gmd      .05      .10      .25 
  209012        0    52377     0.69    23377    38426        0        0        0 
     .50      .75      .90      .95 
       0    23054    88807   131130 

lowest :      0.00     15.68     29.44     61.50     75.21
highest: 585000.00 615096.91 616705.91 760500.00 859122.72
-----------------------------------------------------------------------------------------
cprestamos_prendarios 
       n  missing distinct     Info     Mean      Gmd 
  209012        0        5     0.05  0.01742  0.03426 
                                             
Value           0      1      2      3      4
Frequency  205468   3459     75      9      1
Proportion  0.983  0.017  0.000  0.000  0.000
-----------------------------------------------------------------------------------------
mprestamos_prendarios 
       n  missing distinct     Info     Mean      Gmd      .05      .10      .25 
  209012        0     3290    0.049     2695     5347        0        0        0 
     .50      .75      .90      .95 
       0        0        0        0 

lowest :       0.00    1040.22    1374.70    1584.51    2103.39
highest: 1332037.67 1342700.59 1383377.52 1404000.00 4379867.56
-----------------------------------------------------------------------------------------
cprestamos_hipotecarios 
       n  missing distinct     Info     Mean      Gmd 
  209012        0        4    0.051  0.01781  0.03501 
                                      
Value           0      1      2      3
Frequency  205376   3553     80      3
Proportion  0.983  0.017  0.000  0.000
-----------------------------------------------------------------------------------------
mprestamos_hipotecarios 
       n  missing distinct     Info     Mean      Gmd      .05      .10      .25 
  209012        0     3361    0.051     5042    10020        0        0        0 
     .50      .75      .90      .95 
       0        0        0        0 

lowest :       0.00     301.25     357.78     560.00     576.42
highest: 3119930.73 3137935.41 3212249.04 3399033.56 3510000.00
-----------------------------------------------------------------------------------------
tplazo_fijo 
       n  missing distinct     Info     Mean      Gmd      .05      .10      .25 
  209012        0       39     0.26   0.1612    0.302        0        0        0 
     .50      .75      .90      .95 
       0        0        0        1 

lowest :  0  1  2  3  4, highest: 40 41 47 49 68
-----------------------------------------------------------------------------------------
mplazo_fijo_dolares 
       n  missing distinct     Info     Mean      Gmd      .05      .10      .25 
  209012        0     6465    0.249    28572    55264        0        0        0 
     .50      .75      .90      .95 
       0        0        0   117000 

lowest :        0.00      585.00      593.17      593.66      593.71
highest: 11758500.00 11848660.74 11935170.00 14393480.40 17015310.00
-----------------------------------------------------------------------------------------
mplazo_fijo_pesos 
       n  missing distinct     Info     Mean      Gmd      .05      .10      .25 
  209012        0     1716    0.029     3636     7248        0        0        0 
     .50      .75      .90      .95 
       0        0        0        0 

lowest :        0.00     8998.35     8998.71     8999.07     8999.25
highest:  8074784.00  8944362.88  8999378.44  9898188.30 13468697.69
-----------------------------------------------------------------------------------------
tfondos_comunes_inversion 
       n  missing distinct     Info     Mean      Gmd      .05      .10      .25 
  209012        0       14    0.118  0.06188   0.1201        0        0        0 
     .50      .75      .90      .95 
       0        0        0        0 
                                                                                       
Value           0      1      2      3      4      5      6      7      8      9     10
Frequency  200476   5937   1616    554    244     95     45     21      7      6      6
Proportion  0.959  0.028  0.008  0.003  0.001  0.000  0.000  0.000  0.000  0.000  0.000
                               
Value          11     14     15
Frequency       2      2      1
Proportion  0.000  0.000  0.000
-----------------------------------------------------------------------------------------
mfondos_comunes_inversion_pesos 
       n  missing distinct     Info     Mean      Gmd      .05      .10      .25 
  209012        0     6910    0.098    12402    24587        0        0        0 
     .50      .75      .90      .95 
       0        0        0        0 

lowest :        0.00        1.76        2.10        2.37        3.13
highest: 13116553.09 15878322.62 26776658.97 27537816.68 63292458.36
-----------------------------------------------------------------------------------------
mfondos_comunes_inversion_dolares 
       n  missing distinct     Info     Mean      Gmd      .05      .10      .25 
  209012        0     2943    0.042     6000    11954        0        0        0 
     .50      .75      .90      .95 
       0        0        0        0 
                                                                                  
Value      0.0e+00 1.0e+06 2.0e+06 3.0e+06 4.0e+06 5.0e+06 6.0e+06 7.0e+06 9.0e+06
Frequency   208436     417      83      28      17       8      11       5       2
Proportion   0.997   0.002   0.000   0.000   0.000   0.000   0.000   0.000   0.000
                                                  
Value      1.1e+07 1.3e+07 1.5e+07 1.9e+07 7.2e+07
Frequency        1       1       1       1       1
Proportion   0.000   0.000   0.000   0.000   0.000
-----------------------------------------------------------------------------------------
ttitulos 
       n  missing distinct     Info     Mean      Gmd      .05      .10      .25 
  209012        0       43    0.156    0.156   0.3029        0        0        0 
     .50      .75      .90      .95 
       0        0        0        1 

lowest :  0  1  2  3  4, highest: 39 40 44 45 49
-----------------------------------------------------------------------------------------
mtitulos 
       n  missing distinct     Info     Mean      Gmd      .05      .10      .25 
  209012        0     9508    0.156    28149    55851     0.00     0.00     0.00 
     .50      .75      .90      .95 
    0.00     0.00     0.00    10.43 

lowest :         0.00         0.01         0.02         0.03         0.04
highest:  53758238.76  64564843.11  73924582.09 100859069.72 173694497.57
-----------------------------------------------------------------------------------------
tseguro_vida_mercado_abierto 
       n  missing distinct     Info     Mean      Gmd 
  209012        0        8    0.498   0.3154   0.5321 
                                                                  
Value           0      1      2      3      4      5      6      7
Frequency  165814  27201  10206   4898    857     31      3      2
Proportion  0.793  0.130  0.049  0.023  0.004  0.000  0.000  0.000
-----------------------------------------------------------------------------------------
tseguro_auto 
       n  missing distinct     Info     Mean      Gmd 
  209012        0        7    0.076  0.02895  0.05652 
                                                           
Value           0      1      2      3      4      5      8
Frequency  203548   4963    433     55     11      1      1
Proportion  0.974  0.024  0.002  0.000  0.000  0.000  0.000
-----------------------------------------------------------------------------------------
tseguro_vivienda 
       n  missing distinct     Info     Mean      Gmd 
  209012        0        7    0.404   0.1656   0.2799 
                                                           
Value           0      1      2      3      4      5      6
Frequency  175536  32436    964     56     14      5      1
Proportion  0.840  0.155  0.005  0.000  0.000  0.000  0.000
-----------------------------------------------------------------------------------------
tseguro_accidentes_personales 
       n  missing distinct     Info     Mean      Gmd 
  209012        0        4     0.46   0.1894   0.3075 
                                      
Value           0      1      2      3
Frequency  169511  39407     93      1
Proportion  0.811  0.189  0.000  0.000
-----------------------------------------------------------------------------------------
tcaja_seguridad 
       n  missing distinct     Info      Sum     Mean      Gmd 
  209012        0        2    0.251    19278  0.09223   0.1675 

-----------------------------------------------------------------------------------------
mbonos_corporativos 
       n  missing distinct     Info     Mean      Gmd 
  209012        0        1        0        0        0 
                 
Value           0
Frequency  209012
Proportion      1
-----------------------------------------------------------------------------------------
mmonedas_extranjeras 
       n  missing distinct     Info     Mean      Gmd 
  209012        0        1        0        0        0 
                 
Value           0
Frequency  209012
Proportion      1
-----------------------------------------------------------------------------------------
minversiones_otras 
       n  missing distinct     Info     Mean      Gmd 
  209012        0        1        0        0        0 
                 
Value           0
Frequency  209012
Proportion      1
-----------------------------------------------------------------------------------------
tplan_sueldo 
       n  missing distinct     Info     Mean      Gmd      .05      .10      .25 
  209012        0       15    0.791   0.6422   0.8662        0        0        0 
     .50      .75      .90      .95 
       0        1        2        2 
                                                                                       
Value           0      1      2      3      4      5      6      7      8      9     10
Frequency  119681  56417  24769   5823   1454    526    191     78     30     22      9
Proportion  0.573  0.270  0.119  0.028  0.007  0.003  0.001  0.000  0.000  0.000  0.000
                                      
Value          11     12     13     15
Frequency       6      3      2      1
Proportion  0.000  0.000  0.000  0.000
-----------------------------------------------------------------------------------------
mplan_sueldo 
       n  missing distinct     Info     Mean      Gmd      .05      .10      .25 
  209012        0    75789    0.812    23057    35355        0        0        0 
     .50      .75      .90      .95 
       0    32760    54971    80158 

lowest :        0.00        0.01        0.02        0.08        0.11
highest:  9395473.24 10828406.72 11656595.17 12521358.72 19722797.64
-----------------------------------------------------------------------------------------
mplan_sueldo_manual 
       n  missing distinct     Info     Mean      Gmd      .05      .10      .25 
  209012        0       21        0   0.3364    4.306        0        0        0 
     .50      .75      .90      .95 
       0        0        0        0 
                                                                                       
Value      -35000 -24500 -20500 -19500 -17000 -14500  -8500  -6500  -5500  -5000      0
Frequency       1      1      1      1      3      1      1      1      1      1 208988
Proportion      0      0      0      0      0      0      0      0      0      0      1
                                                           
Value        1000   3500  15500  16500  42000  55500 120500
Frequency       6      1      1      1      1      1      1
Proportion      0      0      0      0      0      0      0
-----------------------------------------------------------------------------------------
cplan_sueldo_transaccion 
        n   missing  distinct      Info      Mean       Gmd 
   209012         0         4         0 0.0001435  0.000287 
                                      
Value           0      1      3      4
Frequency  208987     23      1      1
Proportion      1      0      0      0
-----------------------------------------------------------------------------------------
tcuenta_debitos_automaticos 
       n  missing distinct     Info     Mean      Gmd      .05      .10      .25 
  209012        0       32    0.832    1.172    1.651        0        0        0 
     .50      .75      .90      .95 
       0        2        3        5 

lowest :  0  1  2  3  4, highest: 28 29 32 40 55
-----------------------------------------------------------------------------------------
mcuenta_debitos_automaticos 
       n  missing distinct     Info     Mean      Gmd      .05      .10      .25 
  209012        0    56493    0.838     1290     2240      0.0      0.0      0.0 
     .50      .75      .90      .95 
     0.0    850.6   3394.5   6262.6 

lowest :       0.00       0.01       0.08       0.50       0.97
highest:  525157.06  752155.77 1083918.95 1314489.26 1627627.00
-----------------------------------------------------------------------------------------
ttarjeta_visa_debitos_automaticos 
       n  missing distinct     Info     Mean      Gmd      .05      .10      .25 
  209012        0       42    0.953    2.443    3.013        0        0        0 
     .50      .75      .90      .95 
       1        4        6        9 

lowest :   0   1   2   3   4, highest:  38  39  41  44 101
-----------------------------------------------------------------------------------------
mttarjeta_visa_debitos_automaticos 
       n  missing distinct     Info     Mean      Gmd      .05      .10      .25 
  209012        0   100378    0.963     2268     3276      0.0      0.0      0.0 
     .50      .75      .90      .95 
   675.2   2797.8   6315.4   9527.1 

lowest :      0.00      0.03      0.05      0.11      0.54
highest: 100729.46 104751.74 108133.34 112389.13 143941.91
-----------------------------------------------------------------------------------------
ttarjeta_master_debitos_automaticos 
       n  missing distinct     Info     Mean      Gmd      .05      .10      .25 
  209012        0       24    0.477   0.4266   0.7502        0        0        0 
     .50      .75      .90      .95 
       0        0        1        3 

lowest :  0  1  2  3  4, highest: 19 20 21 22 34
-----------------------------------------------------------------------------------------
mttarjeta_master_debitos_automaticos 
       n  missing distinct     Info     Mean      Gmd      .05      .10      .25 
  209012        0    26702    0.479    410.7    759.8        0        0        0 
     .50      .75      .90      .95 
       0        0     1068     2415 

lowest :     0.00     0.11     0.12     0.80     1.04
highest: 44628.46 46523.68 51728.46 52236.12 89651.36
-----------------------------------------------------------------------------------------
tpagodeservicios 
       n  missing distinct     Info     Mean      Gmd      .05      .10      .25 
  209012        0       45    0.385   0.4725   0.8663        0        0        0 
     .50      .75      .90      .95 
       0        0        1        3 

lowest :   0   1   2   3   4, highest:  50  52  56  80 162
-----------------------------------------------------------------------------------------
mpagodeservicios 
       n  missing distinct     Info     Mean      Gmd      .05      .10      .25 
  209012        0    23945    0.385     2426     4775      0.0      0.0      0.0 
     .50      .75      .90      .95 
     0.0      0.0    655.2   3281.4 

lowest :       0.00       0.04       0.05       0.07       0.09
highest: 3828114.93 4315478.14 4563051.52 7718327.95 9651566.52
-----------------------------------------------------------------------------------------
tpagomiscuentas 
       n  missing distinct     Info     Mean      Gmd      .05      .10      .25 
  209012        0       73    0.795    2.098    3.237        0        0        0 
     .50      .75      .90      .95 
       0        3        7       10 

lowest :   0   1   2   3   4, highest:  72 107 117 145 274
-----------------------------------------------------------------------------------------
mpagomiscuentas 
       n  missing distinct     Info     Mean      Gmd      .05      .10      .25 
  209012        0    74908    0.796     7051    12835        0        0        0 
     .50      .75      .90      .95 
       0     2859    11573    23083 

lowest :        0.00        0.03        0.04        0.09        0.10
highest:  4617475.87  4933409.20  6335826.29  6678935.82 10257510.88
-----------------------------------------------------------------------------------------
ccajeros_propios_descuentos 
       n  missing distinct     Info     Mean      Gmd      .05      .10      .25 
  209012        0       18    0.176   0.1004    0.192        0        0        0 
     .50      .75      .90      .95 
       0        0        0        1 
                                                                                       
Value           0      1      2      3      4      5      6      7      8      9     10
Frequency  195968   8880   2318    933    467    215    109     47     28     16     11
Proportion  0.938  0.042  0.011  0.004  0.002  0.001  0.001  0.000  0.000  0.000  0.000
                                                           
Value          11     12     13     14     17     18     20
Frequency       5      6      3      2      2      1      1
Proportion  0.000  0.000  0.000  0.000  0.000  0.000  0.000
-----------------------------------------------------------------------------------------
mcajeros_propios_descuentos 
       n  missing distinct     Info     Mean      Gmd      .05      .10      .25 
  209012        0     3782    0.143    6.937    13.55     0.00     0.00     0.00 
     .50      .75      .90      .95 
    0.00     0.00     0.00     3.14 

lowest :    0.00    0.17    1.17    1.75    1.95, highest: 1751.49 1752.66 1825.20 1840.99 1907.45
-----------------------------------------------------------------------------------------
ctarjeta_visa_descuentos 
       n  missing distinct     Info     Mean      Gmd      .05      .10      .25 
  209012        0       20    0.294   0.1658   0.3051        0        0        0 
     .50      .75      .90      .95 
       0        0        1        1 
                                                                                       
Value           0      1      2      3      4      5      6      7      8      9     10
Frequency  186090  16024   4382   1441    551    258    102     58     43     23     15
Proportion  0.890  0.077  0.021  0.007  0.003  0.001  0.000  0.000  0.000  0.000  0.000
                                                                         
Value          11     12     13     14     15     16     17     20     21
Frequency       7      6      1      3      3      2      1      1      1
Proportion  0.000  0.000  0.000  0.000  0.000  0.000  0.000  0.000  0.000
-----------------------------------------------------------------------------------------
mtarjeta_visa_descuentos 
       n  missing distinct     Info     Mean      Gmd      .05      .10      .25 
  209012        0     2741    0.115    8.389    16.53        0        0        0 
     .50      .75      .90      .95 
       0        0        0        0 

lowest :     0.00     5.85     6.43     7.02     7.31
highest: 15304.54 15311.22 27050.85 28655.73 52316.16
-----------------------------------------------------------------------------------------
ctarjeta_master_descuentos 
       n  missing distinct     Info     Mean      Gmd      .05      .10      .25 
  209012        0       13    0.106  0.05137  0.09984        0        0        0 
     .50      .75      .90      .95 
       0        0        0        0 
                                                                                       
Value           0      1      2      3      4      5      6      7      8      9     10
Frequency  201331   5728   1342    369    124     59     32     10      4      6      4
Proportion  0.963  0.027  0.006  0.002  0.001  0.000  0.000  0.000  0.000  0.000  0.000
                        
Value          11     17
Frequency       2      1
Proportion  0.000  0.000
-----------------------------------------------------------------------------------------
mtarjeta_master_descuentos 
       n  missing distinct     Info     Mean      Gmd      .05      .10      .25 
  209012        0      928    0.026    1.343    2.677        0        0        0 
     .50      .75      .90      .95 
       0        0        0        0 
                                                                                       
Value           0    200    400    600    800   1000   1200   1400   1600   2400  11000
Frequency  208291    491    180     25     13      2      2      3      2      1      1
Proportion  0.997  0.002  0.001  0.000  0.000  0.000  0.000  0.000  0.000  0.000  0.000
                 
Value       26200
Frequency       1
Proportion  0.000
-----------------------------------------------------------------------------------------
ccuenta_descuentos 
       n  missing distinct     Info     Mean      Gmd 
  209012        0        1        0        0        0 
                 
Value           0
Frequency  209012
Proportion      1
-----------------------------------------------------------------------------------------
mcuenta_descuentos 
       n  missing distinct     Info     Mean      Gmd 
  209012        0        1        0        0        0 
                 
Value           0
Frequency  209012
Proportion      1
-----------------------------------------------------------------------------------------
ccomisiones_mantenimiento 
       n  missing distinct     Info     Mean      Gmd      .05      .10      .25 
  209012        0       17    0.718   0.6615   0.5137        0        0        0 
     .50      .75      .90      .95 
       1        1        1        1 
                                                                                       
Value           0      1      2      3      4      5      6      7      8      9     10
Frequency   76118 128792   3320    576    119     36     19      5      9      4      2
Proportion  0.364  0.616  0.016  0.003  0.001  0.000  0.000  0.000  0.000  0.000  0.000
                                                    
Value          11     12     13     14     17     29
Frequency       4      2      1      3      1      1
Proportion  0.000  0.000  0.000  0.000  0.000  0.000
-----------------------------------------------------------------------------------------
mcomisiones_mantenimiento 
       n  missing distinct     Info     Mean      Gmd      .05      .10      .25 
  209012        0     1174    0.938    261.9    323.2     0.00     0.00     0.00 
     .50      .75      .90      .95 
   44.46   505.44   725.40   725.40 

lowest : -6545.24 -6191.64 -5224.92 -4523.22 -4168.71
highest:  2231.19  2252.25  2447.58  2705.04  3108.69
-----------------------------------------------------------------------------------------
ccomisiones_otras 
       n  missing distinct     Info     Mean      Gmd      .05      .10      .25 
  209012        0      128    0.988    10.75     6.12        2        4        7 
     .50      .75      .90      .95 
      10       14       18       20 

lowest :   0   1   2   3   4, highest: 147 148 154 155 160
-----------------------------------------------------------------------------------------
mcomisiones_otras 
       n  missing distinct     Info     Mean      Gmd      .05      .10      .25 
  209012        0   111274        1    786.2    750.5    28.78   101.06   290.74 
     .50      .75      .90      .95 
  601.87   981.67  1518.17  2025.00 
                                                                                       
Value      -10000  -5000      0   5000  10000  15000  20000  25000  30000  35000  40000
Frequency       1     25 202757   5705    314    111     29     28     14     11      3
Proportion  0.000  0.000  0.970  0.027  0.002  0.001  0.000  0.000  0.000  0.000  0.000
                                                                  
Value       55000  60000  65000  70000  85000  95000 170000 320000
Frequency       1      2      2      4      1      1      2      1
Proportion  0.000  0.000  0.000  0.000  0.000  0.000  0.000  0.000
-----------------------------------------------------------------------------------------
tcambio_monedas 
       n  missing distinct     Info     Mean      Gmd      .05      .10      .25 
  209012        0       24    0.382   0.2419   0.4328        0        0        0 
     .50      .75      .90      .95 
       0        0        1        2 

lowest :  0  1  2  3  4, highest: 19 20 23 24 25
-----------------------------------------------------------------------------------------
ccambio_monedas_compra 
       n  missing distinct     Info     Mean      Gmd      .05      .10      .25 
  209012        0       18    0.138  0.07675   0.1482        0        0        0 
     .50      .75      .90      .95 
       0        0        0        0 
                                                                                       
Value           0      1      2      3      4      5      6      7      8      9     10
Frequency  198953   6680   2068    702    306    157     63     32     21     12      6
Proportion  0.952  0.032  0.010  0.003  0.001  0.001  0.000  0.000  0.000  0.000  0.000
                                                           
Value          11     12     13     14     16     20     24
Frequency       4      1      2      1      2      1      1
Proportion  0.000  0.000  0.000  0.000  0.000  0.000  0.000
-----------------------------------------------------------------------------------------
mcambio_monedas_compra 
       n  missing distinct     Info     Mean      Gmd      .05      .10      .25 
  209012        0     3726    0.138    151.4    299.2        0        0        0 
     .50      .75      .90      .95 
       0        0        0        0 

lowest :      0.00      0.01      0.02      0.03      0.04
highest: 173396.08 210600.00 257400.00 303919.20 351000.00
-----------------------------------------------------------------------------------------
ccambio_monedas_venta 
       n  missing distinct     Info     Mean      Gmd      .05      .10      .25 
  209012        0       22    0.296   0.1651   0.3032        0        0        0 
     .50      .75      .90      .95 
       0        0        1        1 

lowest :  0  1  2  3  4, highest: 18 19 21 23 25
-----------------------------------------------------------------------------------------
mcambio_monedas_venta 
       n  missing distinct     Info     Mean      Gmd      .05      .10      .25 
  209012        0     7394    0.297    339.6      656      0.0      0.0      0.0 
     .50      .75      .90      .95 
     0.0      0.0    184.9   1179.6 

lowest :      0.00      0.01      0.07      0.14      0.19
highest: 185125.59 189496.71 216450.00 336395.61 421200.00
-----------------------------------------------------------------------------------------
ctransferencias_recibidas 
       n  missing distinct     Info     Mean      Gmd 
  209012        0        9    0.004 0.002282  0.00456 
                                                                         
Value           0      1      2      3      4      5      6      8     16
Frequency  208740    162     58     36      7      3      4      1      1
Proportion  0.999  0.001  0.000  0.000  0.000  0.000  0.000  0.000  0.000
-----------------------------------------------------------------------------------------
mtransferencias_recibidas 
       n  missing distinct     Info     Mean      Gmd      .05      .10      .25 
  209012        0      164    0.004    28.96     57.9        0        0        0 
     .50      .75      .90      .95 
       0        0        0        0 
                                                                                       
Value           0  10000  20000  30000  40000  50000  60000  70000  80000  90000 100000
Frequency  208832     76     37     19     19     10      3      5      2      2      2
Proportion  0.999  0.000  0.000  0.000  0.000  0.000  0.000  0.000  0.000  0.000  0.000
                                             
Value      140000 160000 170000 270000 820000
Frequency       1      1      1      1      1
Proportion  0.000  0.000  0.000  0.000  0.000
-----------------------------------------------------------------------------------------
ctransferencias_emitidas 
       n  missing distinct     Info     Mean      Gmd      .05      .10      .25 
  209012        0       57    0.617   0.6474     1.08        0        0        0 
     .50      .75      .90      .95 
       0        1        2        3 

lowest :   0   1   2   3   4, highest:  84  90  92 102 215
-----------------------------------------------------------------------------------------
mtransferencias_emitidas 
       n  missing distinct     Info     Mean      Gmd      .05      .10      .25 
  209012        0    24678    0.619     5258     9555        0        0        0 
     .50      .75      .90      .95 
       0     1185    11700    23517 

lowest :       0.00       0.01       0.16       0.58       1.17
highest: 1461320.83 1614600.00 2047874.40 2126444.58 2579023.47
-----------------------------------------------------------------------------------------
cextraccion_autoservicio 
       n  missing distinct     Info     Mean      Gmd      .05      .10      .25 
  209012        0       58    0.897    3.008    4.103        0        0        0 
     .50      .75      .90      .95 
       1        5        9       11 

lowest :  0  1  2  3  4, highest: 55 56 59 63 88
-----------------------------------------------------------------------------------------
mextraccion_autoservicio 
       n  missing distinct     Info     Mean      Gmd      .05      .10      .25 
  209012        0     1010    0.898     7039    10001        0        0        0 
     .50      .75      .90      .95 
    1170    10881    21060    28197 

lowest :      0.0     58.5    117.0    175.5    234.0
highest: 245700.0 257400.0 263250.0 268866.0 327600.0
-----------------------------------------------------------------------------------------
ccheques_depositados 
       n  missing distinct     Info     Mean      Gmd      .05      .10      .25 
  209012        0       75    0.259   0.3121    0.596        0        0        0 
     .50      .75      .90      .95 
       0        0        0        2 

lowest :   0   1   2   3   4, highest:  86  90 203 221 482
-----------------------------------------------------------------------------------------
mcheques_depositados 
       n  missing distinct     Info     Mean      Gmd      .05      .10      .25 
  209012        0    14208    0.259     5850    11363        0        0        0 
     .50      .75      .90      .95 
       0        0        0    19496 

lowest :       0.00      86.95      99.45     133.38     151.80
highest: 4461983.51 4725000.49 5994151.35 6774723.54 9711000.00
-----------------------------------------------------------------------------------------
ccheques_emitidos 
       n  missing distinct     Info     Mean      Gmd      .05      .10      .25 
  209012        0      103    0.183   0.3426   0.6671        0        0        0 
     .50      .75      .90      .95 
       0        0        0        1 

lowest :   0   1   2   3   4, highest: 155 182 191 231 255
-----------------------------------------------------------------------------------------
mcheques_emitidos 
       n  missing distinct     Info     Mean      Gmd      .05      .10      .25 
  209012        0     9740    0.183     4836     9519        0        0        0 
     .50      .75      .90      .95 
       0        0        0     6081 

lowest :        0.00       35.80       42.24       59.67      185.08
highest:  5230327.69  5545419.37  9247620.72  9389778.84 14442284.78
-----------------------------------------------------------------------------------------
ccheques_depositados_rechazados 
       n  missing distinct     Info     Mean      Gmd      .05      .10      .25 
  209012        0       14     0.02 0.008913  0.01774        0        0        0 
     .50      .75      .90      .95 
       0        0        0        0 
                                                                                       
Value           0      1      2      3      4      5      6      7      8      9     10
Frequency  207629   1138    158     42     18      6      8      5      1      3      1
Proportion  0.993  0.005  0.001  0.000  0.000  0.000  0.000  0.000  0.000  0.000  0.000
                               
Value          13     18     22
Frequency       1      1      1
Proportion  0.000  0.000  0.000
-----------------------------------------------------------------------------------------
mcheques_depositados_rechazados 
       n  missing distinct     Info     Mean      Gmd      .05      .10      .25 
  209012        0      872     0.02    177.6    354.4        0        0        0 
     .50      .75      .90      .95 
       0        0        0        0 

lowest :      0.0    169.1    175.5    315.9    327.6
highest: 555399.0 578272.5 612626.7 789780.1 795483.0
-----------------------------------------------------------------------------------------
ccheques_emitidos_rechazados 
       n  missing distinct     Info     Mean      Gmd      .05      .10      .25 
  209012        0       26    0.014  0.01007  0.02009        0        0        0 
     .50      .75      .90      .95 
       0        0        0        0 

lowest :  0  1  2  3  4, highest: 28 34 36 46 63
-----------------------------------------------------------------------------------------
mcheques_emitidos_rechazados 
       n  missing distinct     Info     Mean      Gmd      .05      .10      .25 
  209012        0      658    0.014    238.2    475.9        0        0        0 
     .50      .75      .90      .95 
       0        0        0        0 

lowest :       0.00     105.30     249.46     335.79     351.00
highest: 1382705.90 1446029.54 1480255.12 2036504.92 3936296.52
-----------------------------------------------------------------------------------------
tcallcenter 
       n  missing distinct     Info      Sum     Mean      Gmd 
  209012        0        2    0.455    39002   0.1866   0.3036 

-----------------------------------------------------------------------------------------
ccallcenter_transacciones 
       n  missing distinct     Info     Mean      Gmd      .05      .10      .25 
  209012        0       67    0.462   0.8093     1.46        0        0        0 
     .50      .75      .90      .95 
       0        0        3        5 

lowest :   0   1   2   3   4, highest:  94  99 100 102 128
-----------------------------------------------------------------------------------------
thomebanking 
       n  missing distinct     Info      Sum     Mean      Gmd 
  209012        0        2    0.395   176439   0.8442   0.2631 

-----------------------------------------------------------------------------------------
chomebanking_transacciones 
       n  missing distinct     Info     Mean      Gmd      .05      .10      .25 
  209012        0      869    0.996    67.63    77.78        0        0       11 
     .50      .75      .90      .95 
      43       94      162      218 

lowest :     0     1     2     3     4, highest:  3887  4090  4814  7115 13683
-----------------------------------------------------------------------------------------
tautoservicio 
       n  missing distinct     Info     Mean      Gmd 
  209012        0        1        0        0        0 
                 
Value           0
Frequency  209012
Proportion      1
-----------------------------------------------------------------------------------------
cautoservicio_transacciones 
       n  missing distinct     Info     Mean      Gmd 
  209012        0        1        0        0        0 
                 
Value           0
Frequency  209012
Proportion      1
-----------------------------------------------------------------------------------------
tcajas 
       n  missing distinct     Info      Sum     Mean      Gmd 
  209012        0        2    0.671    70642    0.338   0.4475 

-----------------------------------------------------------------------------------------
tcajas_consultas 
       n  missing distinct     Info     Mean      Gmd      .05      .10      .25 
  209012        0       28    0.288   0.2146      0.4        0        0        0 
     .50      .75      .90      .95 
       0        0        1        1 

lowest :  0  1  2  3  4, highest: 26 28 29 43 78
-----------------------------------------------------------------------------------------
tcajas_depositos 
       n  missing distinct     Info     Mean      Gmd      .05      .10      .25 
  209012        0       47     0.43   0.3046    0.541        0        0        0 
     .50      .75      .90      .95 
       0        0        1        2 

lowest :   0   1   2   3   4, highest:  63  92  93 105 187
-----------------------------------------------------------------------------------------
tcajas_extracciones 
       n  missing distinct     Info     Mean      Gmd      .05      .10      .25 
  209012        0       33    0.458   0.3161   0.5525        0        0        0 
     .50      .75      .90      .95 
       0        0        1        2 

lowest :   0   1   2   3   4, highest:  31  35  69  72 115
-----------------------------------------------------------------------------------------
tcajas_otras 
       n  missing distinct     Info     Mean      Gmd      .05      .10      .25 
  209012        0       20    0.149   0.0883   0.1699        0        0        0 
     .50      .75      .90      .95 
       0        0        0        1 
                                                                                       
Value           0      1      2      3      4      5      6      7      8      9     10
Frequency  198104   5995   3632    674    373    109     62     22     21      5      4
Proportion  0.948  0.029  0.017  0.003  0.002  0.001  0.000  0.000  0.000  0.000  0.000
                                                                         
Value          11     12     15     18     21     23     31     39    166
Frequency       3      1      1      1      1      1      1      1      1
Proportion  0.000  0.000  0.000  0.000  0.000  0.000  0.000  0.000  0.000
-----------------------------------------------------------------------------------------
ccajeros_propio_transacciones 
       n  missing distinct     Info     Mean      Gmd      .05      .10      .25 
  209012        0       55    0.841    1.932    2.844        0        0        0 
     .50      .75      .90      .95 
       0        3        6        8 

lowest :  0  1  2  3  4, highest: 52 55 56 61 88
-----------------------------------------------------------------------------------------
mcajeros_propio 
       n  missing distinct     Info     Mean      Gmd      .05      .10      .25 
  209012        0     1127    0.843     5193     7989        0        0        0 
     .50      .75      .90      .95 
       0     6903    16731    23985 

lowest :      0.0    117.0    175.5    234.0    292.5
highest: 245700.0 257400.0 263250.0 268866.0 327600.0
-----------------------------------------------------------------------------------------
ccajeros_ajenos_transacciones 
       n  missing distinct     Info     Mean      Gmd      .05      .10      .25 
  209012        0       45    0.715    1.208    1.944        0        0        0 
     .50      .75      .90      .95 
       0        1        4        6 

lowest :  0  1  2  3  4, highest: 44 45 47 50 53
-----------------------------------------------------------------------------------------
mcajeros_ajenos 
       n  missing distinct     Info     Mean      Gmd      .05      .10      .25 
  209012        0      542    0.717     2158     3539        0        0        0 
     .50      .75      .90      .95 
       0     2340     7137    11700 

lowest :      0.0     58.5    117.0    234.0    292.5
highest:  74412.0  74587.5  81315.0  94770.0 101790.0
-----------------------------------------------------------------------------------------
tmovimientos_ultimos90dias 
       n  missing distinct     Info     Mean      Gmd      .05      .10      .25 
  209012        0      770        1    105.8     77.9       14       25       54 
     .50      .75      .90      .95 
      94      140      195      238 

lowest :    0    1    2    3    4, highest: 1303 1305 1337 1387 1721
-----------------------------------------------------------------------------------------
Master_marca_atraso 
       n  missing distinct     Info      Sum     Mean      Gmd 
  188086    20926        2    0.026     1657  0.00881  0.01746 

-----------------------------------------------------------------------------------------
Master_cuenta_estado 
       n  missing distinct     Info     Mean      Gmd 
  188086    20926        4     0.01    10.01  0.02684 
                                      
Value          10     11     12     19
Frequency  187432    165    291    198
Proportion  0.997  0.001  0.002  0.001
-----------------------------------------------------------------------------------------
Master_mfinanciacion_limite 
       n  missing distinct     Info     Mean      Gmd      .05      .10      .25 
  188086    20926      147    0.991    63209    60763    11056    15795    18954 
     .50      .75      .90      .95 
   25272    85854   144299   199679 

lowest :       0.00     737.10     884.52    1031.94    1105.65
highest: 3222185.47 3232290.60 3558702.18 3569880.60 3577707.16
-----------------------------------------------------------------------------------------
Master_Fvencimiento 
       n  missing distinct     Info     Mean      Gmd      .05      .10      .25 
  188086    20926      150    0.999    -1019    879.8    -2069    -2008    -1855 
     .50      .75      .90      .95 
    -670     -305     -152      -90 
                            
Value      -2900000        0
Frequency         1   188085
Proportion        0        1
-----------------------------------------------------------------------------------------
Master_Finiciomora 
       n  missing distinct     Info     Mean      Gmd      .05      .10      .25 
    1657   207355       20    0.912    21.44    18.46        2        2       10 
     .50      .75      .90      .95 
      17       22       52       59 
                                                                                        
Value          2     5    10    15    17    19    22    36    38    50    52    57    59
Frequency    322     6   112    41   709    12   155    11    14    11   167     1    26
Proportion 0.194 0.004 0.068 0.025 0.428 0.007 0.094 0.007 0.008 0.007 0.101 0.001 0.016
                                                    
Value         66    73    78    80    87   107   115
Frequency      1     6     1    57     1     2     2
Proportion 0.001 0.004 0.001 0.034 0.001 0.001 0.001
-----------------------------------------------------------------------------------------
Master_msaldototal 
       n  missing distinct     Info     Mean      Gmd      .05      .10      .25 
  188086    20926    92646    0.909     5202     8885      0.0      0.0      0.0 
     .50      .75      .90      .95 
   133.4   3924.4  13785.9  24869.1 

lowest : -336501.60 -173935.61 -140230.71 -130519.64  -94159.48
highest:  392683.35  418039.67  421334.93  423783.51  483082.55
-----------------------------------------------------------------------------------------
Master_msaldopesos 
       n  missing distinct     Info     Mean      Gmd      .05      .10      .25 
  188086    20926    90660    0.903     4706     8088     0.00     0.00     0.00 
     .50      .75      .90      .95 
   36.98  3509.23 12156.33 22375.37 

lowest : -336501.60 -173935.61 -141279.48 -130519.64  -94159.48
highest:  370678.93  379483.21  383646.39  418039.67  423783.51
-----------------------------------------------------------------------------------------
Master_msaldodolares 
       n  missing distinct     Info     Mean      Gmd      .05      .10      .25 
  188086    20926    11246    0.273    496.5     1001        0        0        0 
     .50      .75      .90      .95 
       0        0        0      538 

lowest : -64202.38 -63082.97 -54140.67 -38469.72 -26652.93
highest: 210153.27 213252.28 274152.03 309865.43 483082.55
-----------------------------------------------------------------------------------------
Master_mconsumospesos 
       n  missing distinct     Info     Mean      Gmd      .05      .10      .25 
  104424   104588    51919    0.956     3393     5307      0.0      0.0      0.0 
     .50      .75      .90      .95 
   579.1   3317.4   9039.6  15251.2 

lowest : -10543.80  -3246.22   -815.49   -760.85   -638.82
highest: 231199.35 259581.67 284049.56 421334.91 475943.34
-----------------------------------------------------------------------------------------
Master_mconsumosdolares 
       n  missing distinct     Info     Mean      Gmd      .05      .10      .25 
  104424   104588     9274    0.436    59.55    114.5      0.0      0.0      0.0 
     .50      .75      .90      .95 
     0.0      0.0     19.9    240.6 

lowest :     0.00     0.01     0.03     0.31     0.37
highest: 13568.80 13660.84 18336.90 19952.70 30885.35
-----------------------------------------------------------------------------------------
Master_mlimitecompra 
       n  missing distinct     Info     Mean      Gmd      .05      .10      .25 
  188086    20926      102    0.991    70057    66953    12285    17550    21060 
     .50      .75      .90      .95 
   28080    95393   160332   221873 

lowest :     982.8    1228.5    1474.2    1719.9    1965.6
highest:  580041.5  865425.6  872164.8  875534.4 1298138.4
-----------------------------------------------------------------------------------------
Master_madelantopesos 
       n  missing distinct     Info     Mean      Gmd      .05      .10      .25 
  104424   104588      146    0.031    60.66    120.6        0        0        0 
     .50      .75      .90      .95 
       0        0        0        0 

lowest :     0.00   117.00   234.00   288.29   293.48
highest: 16965.00 17173.29 17433.00 17542.21 17550.00
-----------------------------------------------------------------------------------------
Master_madelantodolares 
       n  missing distinct     Info     Mean      Gmd      .05      .10      .25 
  104424   104588       58    0.002   0.1937   0.3873        0        0        0 
     .50      .75      .90      .95 
       0        0        0        0 

lowest :    0.00   18.70   18.82   25.63   50.31, highest:  963.77  972.38 1043.34 1114.42 1125.22
-----------------------------------------------------------------------------------------
Master_fultimo_cierre 
       n  missing distinct     Info     Mean      Gmd      .05      .10      .25 
  188012    21000       87     0.67    6.202     6.82        2        2        2 
     .50      .75      .90      .95 
       2        9        9       23 

lowest :    2    9   16   23   30, highest: 3425 3439 3502 3537 3551
-----------------------------------------------------------------------------------------
Master_mpagado 
       n  missing distinct     Info     Mean      Gmd      .05      .10      .25 
  188086    20926     9338    0.181    465.5    908.2        0        0        0 
     .50      .75      .90      .95 
       0        0        0     1110 

lowest :      0.00      0.09      0.18      0.22      0.33
highest: 195741.52 198900.00 228922.32 251550.00 422334.11
-----------------------------------------------------------------------------------------
Master_mpagospesos 
       n  missing distinct     Info     Mean      Gmd      .05      .10      .25 
  104424   104588    73071        1    -6294     8253 -23680.9 -15210.0  -7141.2 
     .50      .75      .90      .95 
 -2784.6   -809.3   -133.5      0.0 

lowest : -384568.17 -363880.05 -344015.10 -327190.10 -312350.57
highest:    5116.76   10325.99   12844.35   18627.67   29752.42
-----------------------------------------------------------------------------------------
Master_mpagosdolares 
       n  missing distinct     Info     Mean      Gmd      .05      .10      .25 
  104424   104588     9806    0.393    59.69    114.9     0.00     0.00     0.00 
     .50      .75      .90      .95 
    0.00     0.00    23.37   245.92 

lowest :     0.00     0.01     0.02     0.03     0.04
highest: 15568.58 15952.22 20250.38 22502.69 22639.79
-----------------------------------------------------------------------------------------
Master_fechaalta 
       n  missing distinct     Info     Mean      Gmd      .05      .10      .25 
  188086    20926     3868        1     2222     1765      166      337      879 
     .50      .75      .90      .95 
    2042     3316     4299     5589 

lowest :    2    3    4    5    9, highest: 6101 6102 6122 6126 6141
-----------------------------------------------------------------------------------------
Master_mconsumototal 
       n  missing distinct     Info     Mean      Gmd      .05      .10      .25 
  104424   104588    51919    0.956     3393     5307      0.0      0.0      0.0 
     .50      .75      .90      .95 
   579.1   3317.4   9039.6  15251.2 

lowest : -10543.80  -3246.22   -815.49   -760.85   -638.82
highest: 231199.35 259581.67 284049.56 421334.91 475943.34
-----------------------------------------------------------------------------------------
Master_tconsumos 
       n  missing distinct     Info     Mean      Gmd      .05      .10      .25 
  104424   104588       82    0.944    2.848    3.933        0        0        0 
     .50      .75      .90      .95 
       1        3        8       12 

lowest :   0   1   2   3   4, highest:  91  92  94 103 165
-----------------------------------------------------------------------------------------
Master_tadelantosefectivo 
       n  missing distinct     Info     Mean      Gmd      .05      .10      .25 
  104424   104588       16    0.031  0.03445  0.06846        0        0        0 
     .50      .75      .90      .95 
       0        0        0        0 
                                                                                       
Value           0      1      2      3      4      5      6      7      8      9     10
Frequency  103329    307    279    180     75     44     38     32     94     27      9
Proportion  0.990  0.003  0.003  0.002  0.001  0.000  0.000  0.000  0.001  0.000  0.000
                                             
Value          11     12     15     16     24
Frequency       4      3      1      1      1
Proportion  0.000  0.000  0.000  0.000  0.000
-----------------------------------------------------------------------------------------
Master_mpagominimo 
       n  missing distinct     Info     Mean      Gmd      .05      .10      .25 
  188086    20926     2688    0.853    737.3     1318      0.0      0.0      0.0 
     .50      .75      .90      .95 
     0.0    327.6   1263.6   3030.3 

lowest :      0.00      0.01      0.17      0.18      0.35
highest: 267380.10 281139.30 295003.80 325330.20 418029.30
-----------------------------------------------------------------------------------------
Visa_marca_atraso 
       n  missing distinct     Info      Sum     Mean      Gmd 
  204936     4076        2    0.031     2118  0.01033  0.02046 

-----------------------------------------------------------------------------------------
Visa_cuenta_estado 
       n  missing distinct     Info     Mean      Gmd 
  204936     4076        4    0.011    10.01  0.02729 
                                      
Value          10     11     12     19
Frequency  204167    227    329    213
Proportion  0.996  0.001  0.002  0.001
-----------------------------------------------------------------------------------------
Visa_mfinanciacion_limite 
       n  missing distinct     Info     Mean      Gmd      .05      .10      .25 
  204936     4076      211    0.994    73338    69549    15795    18954    22113 
     .50      .75      .90      .95 
   37908   114092   173155   223118 

lowest :       0.00     335.79     420.03     504.27     589.68
highest: 3558702.18 3577707.16 4095000.00 4680000.00 5850000.00
-----------------------------------------------------------------------------------------
Visa_Fvencimiento 
       n  missing distinct     Info     Mean      Gmd      .05      .10      .25 
  204936     4076      170        1   -15303    28575    -2709    -2647    -2281 
     .50      .75      .90      .95 
   -1794     -517     -243     -152 
                            
Value      -2900000        0
Frequency       973   203963
Proportion    0.005    0.995
-----------------------------------------------------------------------------------------
Visa_Finiciomora 
       n  missing distinct     Info     Mean      Gmd      .05      .10      .25 
    2118   206894       23    0.872    27.22    17.15       11       16       18 
     .50      .75      .90      .95 
      18       23       53       74 

lowest :   9  11  16  18  19, highest: 106 107 108 130 144
-----------------------------------------------------------------------------------------
Visa_msaldototal 
       n  missing distinct     Info     Mean      Gmd      .05      .10      .25 
  204936     4076   178370    0.999    12936    16213     0.00    43.47  2256.40 
     .50      .75      .90      .95 
 6629.49 15276.39 29584.75 45187.43 

-2e+05 (1, 0.000), -150000 (1, 0.000), -1e+05 (1, 0.000), -50000 (23, 0.000), 0 (177925,
0.868), 50000 (22611, 0.110), 1e+05 (3043, 0.015), 150000 (809, 0.004), 2e+05 (360,
0.002), 250000 (115, 0.001), 3e+05 (27, 0.000), 350000 (10, 0.000), 4e+05 (3, 0.000),
450000 (1, 0.000), 5e+05 (1, 0.000), 550000 (2, 0.000), 1350000 (1, 0.000), 1450000 (1,
0.000), 2750000 (1, 0.000)
-----------------------------------------------------------------------------------------
Visa_msaldopesos 
       n  missing distinct     Info     Mean      Gmd      .05      .10      .25 
  204936     4076   176826    0.999    13737    17274        0        0     2392 
     .50      .75      .90      .95 
    7080    16115    31189    46499 

-2e+05 (1, 0.000), -1e+05 (4, 0.000), -50000 (41, 0.000), 0 (175776, 0.858), 50000
(24318, 0.119), 1e+05 (3084, 0.015), 150000 (968, 0.005), 2e+05 (450, 0.002), 250000
(200, 0.001), 3e+05 (64, 0.000), 350000 (11, 0.000), 4e+05 (8, 0.000), 450000 (3,
0.000), 5e+05 (2, 0.000), 6e+05 (1, 0.000), 650000 (2, 0.000), 1600000 (1, 0.000),
1700000 (1, 0.000), 3200000 (1, 0.000)
-----------------------------------------------------------------------------------------
Visa_msaldodolares 
       n  missing distinct     Info     Mean      Gmd      .05      .10      .25 
  204936     4076    28730    0.632     1400     2677      0.0      0.0      0.0 
     .50      .75      .90      .95 
     0.0    145.9   1731.8   7409.5 

lowest : -185491.53  -70431.84  -53301.91  -47247.89  -43424.70
highest:  227387.70  240428.30  262693.85  313032.72  336891.06
-----------------------------------------------------------------------------------------
Visa_mconsumospesos 
       n  missing distinct     Info     Mean      Gmd      .05      .10      .25 
  188612    20400   145395    0.999     7599     9847      0.0      0.0    880.3 
     .50      .75      .90      .95 
  3544.3   9159.9  18841.7  28214.0 

lowest :  -21374.75   -4433.65   -3128.43   -2452.32   -1990.84
highest:  356343.30  370658.91  582073.32  620563.64 1404000.00
-----------------------------------------------------------------------------------------
Visa_mconsumosdolares 
       n  missing distinct     Info     Mean      Gmd      .05      .10      .25 
  188612    20400    26025    0.801    102.2    189.5     0.00     0.00     0.00 
     .50      .75      .90      .95 
    0.00    11.68   166.94   560.02 

lowest :     0.00     0.01     0.02     0.03     0.04
highest: 14461.74 14468.22 16714.67 19744.27 22099.12
-----------------------------------------------------------------------------------------
Visa_mlimitecompra 
       n  missing distinct     Info     Mean      Gmd      .05      .10      .25 
  204936     4076      142    0.994    81248    76547    17550    21060    24570 
     .50      .75      .90      .95 
   42120   126785   192399   247908 

lowest :     672.75     840.93     982.80    1009.12    1177.31
highest: 2767564.80 3228825.60 4095000.00 4680000.00 5850000.00
-----------------------------------------------------------------------------------------
Visa_madelantopesos 
       n  missing distinct     Info     Mean      Gmd      .05      .10      .25 
  188612    20400      578    0.033    59.26    117.8        0        0        0 
     .50      .75      .90      .95 
       0        0        0        0 

lowest :     0.00    44.71   117.00   122.60   126.03
highest: 24185.03 24570.00 26910.00 29250.00 35100.00
-----------------------------------------------------------------------------------------
Visa_madelantodolares 
       n  missing distinct     Info     Mean      Gmd      .05      .10      .25 
  188612    20400      454    0.008   0.7442    1.486        0        0        0 
     .50      .75      .90      .95 
       0        0        0        0 

lowest :    0.00    2.90    7.95    8.17   10.79, highest: 1119.67 1129.22 1130.64 1314.08 1569.43
-----------------------------------------------------------------------------------------
Visa_fultimo_cierre 
       n  missing distinct     Info     Mean      Gmd      .05      .10      .25 
  204881     4131       61    0.702    6.198    6.537        2        2        2 
     .50      .75      .90      .95 
       2        9        9       23 

lowest :    2    9   23   30   37, highest: 3327 3348 3411 3474 3600
-----------------------------------------------------------------------------------------
Visa_mpagado 
       n  missing distinct     Info     Mean      Gmd      .05      .10      .25 
  204936     4076    14391    0.246     1175     2255        0        0        0 
     .50      .75      .90      .95 
       0        0        0     6740 

lowest :      0.00      0.01      0.11      0.18      1.17
highest: 238027.90 243870.99 292500.00 293938.93 303726.80
-----------------------------------------------------------------------------------------
Visa_mpagospesos 
       n  missing distinct     Info     Mean      Gmd      .05      .10      .25 
  188612    20400   147987        1   -12996    14631 -42850.6 -29475.2 -15933.1 
     .50      .75      .90      .95 
 -7667.0  -3252.6   -969.7   -254.8 

lowest : -704719.72 -587230.27 -543084.00 -527428.78 -435110.14
highest:    6529.17    9202.99    9501.95    9736.20   39315.53
-----------------------------------------------------------------------------------------
Visa_mpagosdolares 
       n  missing distinct     Info     Mean      Gmd      .05      .10      .25 
  188612    20400    24701    0.597    110.6      208     0.00     0.00     0.00 
     .50      .75      .90      .95 
    0.00     4.01   161.46   606.41 

lowest :     0.00     0.01     0.02     0.03     0.04
highest: 19820.32 20989.12 21090.22 25478.57 27648.58
-----------------------------------------------------------------------------------------
Visa_fechaalta 
       n  missing distinct     Info     Mean      Gmd      .05      .10      .25 
  204936     4076     5923        1     2802     2184      214      423     1192 
     .50      .75      .90      .95 
    2572     3967     5764     6903 

lowest :     2     3     4     5     9, highest: 11044 11050 11056 11069 11167
-----------------------------------------------------------------------------------------
Visa_mconsumototal 
       n  missing distinct     Info     Mean      Gmd      .05      .10      .25 
  188612    20400   145395    0.999     7599     9847      0.0      0.0    880.3 
     .50      .75      .90      .95 
  3544.3   9159.9  18841.7  28214.0 

lowest :  -21374.75   -4433.65   -3128.43   -2452.32   -1990.84
highest:  356343.30  370658.91  582073.32  620563.64 1404000.00
-----------------------------------------------------------------------------------------
Visa_tconsumos 
       n  missing distinct     Info     Mean      Gmd      .05      .10      .25 
  188612    20400      141    0.995    8.219     9.05        0        1        2 
     .50      .75      .90      .95 
       5       11       19       27 

lowest :   0   1   2   3   4, highest: 170 175 186 191 238
-----------------------------------------------------------------------------------------
Visa_tadelantosefectivo 
       n  missing distinct     Info     Mean      Gmd      .05      .10      .25 
  188612    20400       18    0.033  0.02984  0.05928        0        0        0 
     .50      .75      .90      .95 
       0        0        0        0 
                                                                                       
Value           0      1      2      3      4      5      6      7      8      9     10
Frequency  186493    825    487    318    161    118     68     43     53     19     10
Proportion  0.989  0.004  0.003  0.002  0.001  0.001  0.000  0.000  0.000  0.000  0.000
                                                           
Value          11     12     13     14     16     18     27
Frequency       6      2      1      3      3      1      1
Proportion  0.000  0.000  0.000  0.000  0.000  0.000  0.000
-----------------------------------------------------------------------------------------
Visa_mpagominimo 
       n  missing distinct     Info     Mean      Gmd      .05      .10      .25 
  204936     4076     4127    0.998     1904     2864      0.0      0.0    163.8 
     .50      .75      .90      .95 
   573.3   1404.0   4188.6   8213.4 

lowest :      0.00      0.01      0.17      0.18      0.35
highest: 254709.00 268830.90 270000.90 285070.50 353901.60
-----------------------------------------------------------------------------------------
clase_ternaria 
       n  missing distinct 
  209012        0        3 
                                     
Value        BAJA+1   BAJA+2 CONTINUA
Frequency       847      965   207200
Proportion    0.004    0.005    0.991
-----------------------------------------------------------------------------------------
clase_binaria 
       n  missing distinct 
  209012        0        2 
                        
Value           0      1
Frequency  207200   1812
Proportion  0.991  0.009
-----------------------------------------------------------------------------------------
